100
9900
0 1 35
0 2 91
0 3 29
0 4 39
0 5 63
0 6 78
0 7 60
0 8 40
0 9 100
0 10 52
0 11 33
0 12 47
0 13 2
0 14 35
0 15 92
0 16 92
0 17 66
0 18 81
0 19 87
0 20 10
0 21 13
0 22 88
0 23 93
0 24 29
0 25 29
0 26 50
0 27 100
0 28 11
0 29 27
0 30 21
0 31 73
0 32 37
0 33 31
0 34 79
0 35 74
0 36 85
0 37 82
0 38 0
0 39 43
0 40 54
0 41 78
0 42 42
0 43 90
0 44 69
0 45 29
0 46 99
0 47 80
0 48 99
0 49 26
0 50 6
0 51 39
0 52 79
0 53 88
0 54 85
0 55 35
0 56 34
0 57 2
0 58 34
0 59 68
0 60 15
0 61 33
0 62 33
0 63 26
0 64 57
0 65 90
0 66 39
0 67 93
0 68 96
0 69 30
0 70 80
0 71 51
0 72 12
0 73 54
0 74 27
0 75 82
0 76 90
0 77 26
0 78 60
0 79 41
0 80 29
0 81 24
0 82 47
0 83 88
0 84 78
0 85 27
0 86 33
0 87 0
0 88 3
0 89 73
0 90 76
0 91 30
0 92 89
0 93 84
0 94 22
0 95 73
0 96 80
0 97 99
0 98 60
0 99 64
1 0 46
1 2 64
1 3 28
1 4 26
1 5 84
1 6 18
1 7 3
1 8 18
1 9 96
1 10 92
1 11 16
1 12 21
1 13 62
1 14 99
1 15 71
1 16 67
1 17 69
1 18 26
1 19 71
1 20 48
1 21 78
1 22 61
1 23 96
1 24 38
1 25 80
1 26 62
1 27 98
1 28 17
1 29 62
1 30 81
1 31 3
1 32 69
1 33 5
1 34 80
1 35 28
1 36 86
1 37 84
1 38 93
1 39 9
1 40 5
1 41 15
1 42 20
1 43 62
1 44 83
1 45 4
1 46 44
1 47 35
1 48 40
1 49 7
1 50 3
1 51 15
1 52 4
1 53 68
1 54 93
1 55 82
1 56 29
1 57 3
1 58 69
1 59 55
1 60 29
1 61 8
1 62 60
1 63 2
1 64 57
1 65 9
1 66 48
1 67 20
1 68 53
1 69 44
1 70 0
1 71 63
1 72 78
1 73 32
1 74 7
1 75 49
1 76 62
1 77 37
1 78 97
1 79 68
1 80 16
1 81 57
1 82 84
1 83 26
1 84 0
1 85 31
1 86 16
1 87 76
1 88 98
1 89 80
1 90 64
1 91 76
1 92 84
1 93 65
1 94 34
1 95 26
1 96 99
1 97 84
1 98 25
1 99 29
2 0 15
2 1 21
2 3 9
2 4 71
2 5 67
2 6 53
2 7 76
2 8 26
2 9 69
2 10 66
2 11 32
2 12 33
2 13 89
2 14 63
2 15 66
2 16 43
2 17 96
2 18 94
2 19 41
2 20 8
2 21 61
2 22 89
2 23 63
2 24 41
2 25 7
2 26 46
2 27 38
2 28 87
2 29 38
2 30 9
2 31 85
2 32 26
2 33 7
2 34 8
2 35 3
2 36 90
2 37 44
2 38 44
2 39 27
2 40 71
2 41 58
2 42 39
2 43 98
2 44 26
2 45 29
2 46 57
2 47 44
2 48 52
2 49 54
2 50 55
2 51 3
2 52 68
2 53 50
2 54 80
2 55 65
2 56 56
2 57 85
2 58 56
2 59 13
2 60 65
2 61 67
2 62 14
2 63 61
2 64 44
2 65 0
2 66 65
2 67 17
2 68 64
2 69 38
2 70 66
2 71 84
2 72 10
2 73 51
2 74 86
2 75 66
2 76 15
2 77 73
2 78 82
2 79 1
2 80 51
2 81 62
2 82 47
2 83 1
2 84 99
2 85 18
2 86 64
2 87 98
2 88 46
2 89 72
2 90 62
2 91 18
2 92 7
2 93 64
2 94 59
2 95 33
2 96 51
2 97 23
2 98 47
2 99 35
3 0 92
3 1 13
3 2 98
3 4 100
3 5 51
3 6 10
3 7 63
3 8 72
3 9 8
3 10 11
3 11 89
3 12 51
3 13 29
3 14 93
3 15 18
3 16 26
3 17 44
3 18 9
3 19 34
3 20 49
3 21 43
3 22 96
3 23 0
3 24 65
3 25 54
3 26 29
3 27 100
3 28 7
3 29 58
3 30 33
3 31 42
3 32 75
3 33 30
3 34 83
3 35 55
3 36 89
3 37 40
3 38 9
3 39 73
3 40 78
3 41 71
3 42 36
3 43 53
3 44 45
3 45 70
3 46 17
3 47 49
3 48 100
3 49 45
3 50 31
3 51 82
3 52 0
3 53 64
3 54 38
3 55 59
3 56 91
3 57 69
3 58 18
3 59 70
3 60 28
3 61 15
3 62 12
3 63 7
3 64 88
3 65 90
3 66 86
3 67 81
3 68 39
3 69 23
3 70 45
3 71 36
3 72 50
3 73 77
3 74 4
3 75 43
3 76 34
3 77 8
3 78 19
3 79 85
3 80 31
3 81 68
3 82 10
3 83 53
3 84 13
3 85 83
3 86 87
3 87 44
3 88 53
3 89 14
3 90 60
3 91 87
3 92 38
3 93 93
3 94 94
3 95 26
3 96 83
3 97 59
3 98 8
3 99 35
4 0 18
4 1 36
4 2 9
4 3 27
4 5 42
4 6 20
4 7 51
4 8 67
4 9 55
4 10 97
4 11 63
4 12 8
4 13 69
4 14 39
4 15 94
4 16 62
4 17 12
4 18 21
4 19 3
4 20 58
4 21 73
4 22 12
4 23 49
4 24 48
4 25 26
4 26 38
4 27 7
4 28 1
4 29 79
4 30 24
4 31 67
4 32 94
4 33 0
4 34 28
4 35 72
4 36 67
4 37 64
4 38 9
4 39 54
4 40 33
4 41 39
4 42 54
4 43 68
4 44 98
4 45 21
4 46 2
4 47 62
4 48 66
4 49 70
4 50 4
4 51 96
4 52 30
4 53 96
4 54 44
4 55 37
4 56 33
4 57 17
4 58 6
4 59 31
4 60 3
4 61 80
4 62 85
4 63 84
4 64 0
4 65 62
4 66 76
4 67 53
4 68 25
4 69 96
4 70 65
4 71 90
4 72 75
4 73 3
4 74 56
4 75 73
4 76 78
4 77 97
4 78 57
4 79 71
4 80 82
4 81 69
4 82 51
4 83 45
4 84 18
4 85 17
4 86 44
4 87 9
4 88 30
4 89 31
4 90 1
4 91 25
4 92 36
4 93 10
4 94 43
4 95 46
4 96 44
4 97 61
4 98 33
4 99 50
5 0 24
5 1 68
5 2 100
5 3 44
5 4 42
5 6 6
5 7 95
5 8 62
5 9 6
5 10 16
5 11 78
5 12 32
5 13 68
5 14 95
5 15 11
5 16 59
5 17 76
5 18 12
5 19 75
5 20 22
5 21 22
5 22 37
5 23 95
5 24 93
5 25 88
5 26 74
5 27 90
5 28 48
5 29 11
5 30 98
5 31 85
5 32 2
5 33 96
5 34 91
5 35 99
5 36 48
5 37 22
5 38 23
5 39 96
5 40 41
5 41 32
5 42 52
5 43 70
5 44 77
5 45 26
5 46 40
5 47 48
5 48 7
5 49 39
5 50 93
5 51 94
5 52 49
5 53 34
5 54 94
5 55 15
5 56 35
5 57 10
5 58 26
5 59 35
5 60 20
5 61 13
5 62 84
5 63 79
5 64 20
5 65 85
5 66 72
5 67 38
5 68 87
5 69 40
5 70 40
5 71 43
5 72 85
5 73 13
5 74 45
5 75 50
5 76 58
5 77 48
5 78 68
5 79 77
5 80 25
5 81 92
5 82 9
5 83 38
5 84 79
5 85 58
5 86 77
5 87 82
5 88 70
5 89 7
5 90 73
5 91 43
5 92 48
5 93 33
5 94 19
5 95 79
5 96 13
5 97 95
5 98 34
5 99 94
6 0 40
6 1 77
6 2 37
6 3 99
6 4 33
6 5 23
6 7 39
6 8 99
6 9 22
6 10 9
6 11 96
6 12 7
6 13 46
6 14 74
6 15 72
6 16 54
6 17 84
6 18 9
6 19 54
6 20 41
6 21 100
6 22 82
6 23 15
6 24 81
6 25 41
6 26 13
6 27 20
6 28 73
6 29 27
6 30 12
6 31 3
6 32 74
6 33 37
6 34 17
6 35 2
6 36 68
6 37 34
6 38 36
6 39 64
6 40 48
6 41 24
6 42 58
6 43 11
6 44 24
6 45 13
6 46 99
6 47 81
6 48 8
6 49 86
6 50 41
6 51 47
6 52 95
6 53 35
6 54 54
6 55 69
6 56 44
6 57 47
6 58 47
6 59 57
6 60 59
6 61 79
6 62 10
6 63 24
6 64 95
6 65 79
6 66 59
6 67 55
6 68 62
6 69 42
6 70 98
6 71 68
6 72 0
6 73 6
6 74 39
6 75 27
6 76 28
6 77 65
6 78 4
6 79 15
6 80 40
6 81 66
6 82 6
6 83 96
6 84 60
6 85 44
6 86 12
6 87 78
6 88 37
6 89 68
6 90 22
6 91 87
6 92 82
6 93 38
6 94 77
6 95 54
6 96 6
6 97 26
6 98 35
6 99 3
7 0 22
7 1 20
7 2 61
7 3 77
7 4 70
7 5 18
7 6 8
7 8 22
7 9 85
7 10 85
7 11 74
7 12 41
7 13 85
7 14 94
7 15 31
7 16 60
7 17 2
7 18 97
7 19 20
7 20 28
7 21 2
7 22 10
7 23 78
7 24 81
7 25 11
7 26 26
7 27 92
7 28 17
7 29 59
7 30 27
7 31 9
7 32 98
7 33 6
7 34 82
7 35 15
7 36 41
7 37 9
7 38 27
7 39 35
7 40 1
7 41 63
7 42 48
7 43 86
7 44 32
7 45 70
7 46 90
7 47 32
7 48 22
7 49 59
7 50 39
7 51 92
7 52 53
7 53 30
7 54 37
7 55 4
7 56 66
7 57 27
7 58 81
7 59 100
7 60 60
7 61 95
7 62 83
7 63 4
7 64 8
7 65 13
7 66 3
7 67 2
7 68 2
7 69 63
7 70 26
7 71 30
7 72 20
7 73 50
7 74 35
7 75 43
7 76 6
7 77 6
7 78 23
7 79 86
7 80 59
7 81 95
7 82 72
7 83 10
7 84 43
7 85 80
7 86 78
7 87 91
7 88 39
7 89 41
7 90 44
7 91 24
7 92 58
7 93 52
7 94 36
7 95 97
7 96 84
7 97 30
7 98 43
7 99 91
8 0 39
8 1 67
8 2 69
8 3 60
8 4 71
8 5 6
8 6 72
8 7 91
8 9 23
8 10 75
8 11 10
8 12 66
8 13 91
8 14 63
8 15 31
8 16 4
8 17 73
8 18 51
8 19 29
8 20 41
8 21 5
8 22 83
8 23 4
8 24 57
8 25 25
8 26 85
8 27 57
8 28 20
8 29 29
8 30 4
8 31 45
8 32 94
8 33 4
8 34 9
8 35 35
8 36 85
8 37 53
8 38 87
8 39 10
8 40 22
8 41 60
8 42 39
8 43 33
8 44 11
8 45 64
8 46 32
8 47 64
8 48 4
8 49 9
8 50 33
8 51 67
8 52 26
8 53 63
8 54 29
8 55 70
8 56 10
8 57 89
8 58 43
8 59 73
8 60 15
8 61 95
8 62 60
8 63 59
8 64 17
8 65 18
8 66 25
8 67 67
8 68 10
8 69 54
8 70 11
8 71 19
8 72 92
8 73 19
8 74 8
8 75 79
8 76 45
8 77 13
8 78 90
8 79 96
8 80 48
8 81 9
8 82 86
8 83 85
8 84 40
8 85 68
8 86 30
8 87 89
8 88 37
8 89 95
8 90 87
8 91 18
8 92 24
8 93 2
8 94 37
8 95 31
8 96 9
8 97 37
8 98 90
8 99 44
9 0 18
9 1 16
9 2 11
9 3 87
9 4 61
9 5 4
9 6 8
9 7 40
9 8 51
9 10 76
9 11 88
9 12 1
9 13 14
9 14 78
9 15 15
9 16 66
9 17 32
9 18 48
9 19 33
9 20 84
9 21 86
9 22 47
9 23 24
9 24 8
9 25 5
9 26 37
9 27 34
9 28 54
9 29 64
9 30 100
9 31 81
9 32 0
9 33 57
9 34 48
9 35 20
9 36 50
9 37 48
9 38 27
9 39 16
9 40 92
9 41 83
9 42 93
9 43 33
9 44 23
9 45 69
9 46 5
9 47 30
9 48 72
9 49 66
9 50 79
9 51 26
9 52 21
9 53 77
9 54 45
9 55 18
9 56 77
9 57 21
9 58 5
9 59 10
9 60 73
9 61 63
9 62 33
9 63 20
9 64 5
9 65 79
9 66 17
9 67 87
9 68 79
9 69 25
9 70 94
9 71 84
9 72 50
9 73 53
9 74 53
9 75 66
9 76 100
9 77 76
9 78 100
9 79 63
9 80 74
9 81 4
9 82 16
9 83 54
9 84 41
9 85 22
9 86 83
9 87 40
9 88 57
9 89 48
9 90 26
9 91 23
9 92 20
9 93 77
9 94 20
9 95 54
9 96 40
9 97 75
9 98 16
9 99 65
10 0 97
10 1 27
10 2 53
10 3 18
10 4 48
10 5 50
10 6 8
10 7 49
10 8 70
10 9 32
10 11 20
10 12 100
10 13 41
10 14 29
10 15 33
10 16 85
10 17 61
10 18 45
10 19 1
10 20 27
10 21 43
10 22 10
10 23 100
10 24 52
10 25 46
10 26 24
10 27 70
10 28 90
10 29 100
10 30 68
10 31 63
10 32 4
10 33 84
10 34 44
10 35 66
10 36 0
10 37 62
10 38 6
10 39 40
10 40 49
10 41 79
10 42 38
10 43 75
10 44 46
10 45 18
10 46 65
10 47 25
10 48 91
10 49 53
10 50 35
10 51 91
10 52 99
10 53 33
10 54 18
10 55 92
10 56 10
10 57 20
10 58 29
10 59 8
10 60 71
10 61 33
10 62 77
10 63 6
10 64 92
10 65 9
10 66 75
10 67 21
10 68 41
10 69 34
10 70 63
10 71 91
10 72 75
10 73 13
10 74 76
10 75 8
10 76 87
10 77 63
10 78 99
10 79 77
10 80 23
10 81 48
10 82 34
10 83 84
10 84 78
10 85 8
10 86 4
10 87 73
10 88 56
10 89 40
10 90 50
10 91 2
10 92 98
10 93 23
10 94 60
10 95 12
10 96 21
10 97 10
10 98 60
10 99 32
11 0 90
11 1 78
11 2 56
11 3 40
11 4 13
11 5 100
11 6 2
11 7 20
11 8 68
11 9 19
11 10 53
11 12 100
11 13 2
11 14 53
11 15 93
11 16 22
11 17 23
11 18 96
11 19 58
11 20 32
11 21 27
11 22 23
11 23 92
11 24 40
11 25 87
11 26 94
11 27 6
11 28 53
11 29 44
11 30 34
11 31 76
11 32 8
11 33 30
11 34 94
11 35 41
11 36 57
11 37 97
11 38 74
11 39 5
11 40 27
11 41 53
11 42 8
11 43 92
11 44 34
11 45 92
11 46 75
11 47 41
11 48 44
11 49 30
11 50 28
11 51 39
11 52 68
11 53 84
11 54 35
11 55 6
11 56 63
11 57 20
11 58 85
11 59 96
11 60 57
11 61 44
11 62 3
11 63 69
11 64 66
11 65 42
11 66 25
11 67 8
11 68 52
11 69 76
11 70 93
11 71 12
11 72 75
11 73 55
11 74 60
11 75 40
11 76 1
11 77 72
11 78 71
11 79 23
11 80 51
11 81 8
11 82 27
11 83 48
11 84 75
11 85 89
11 86 81
11 87 81
11 88 7
11 89 94
11 90 61
11 91 71
11 92 61
11 93 99
11 94 99
11 95 28
11 96 57
11 97 38
11 98 20
11 99 93
12 0 50
12 1 38
12 2 89
12 3 46
12 4 69
12 5 20
12 6 73
12 7 79
12 8 31
12 9 92
12 10 86
12 11 99
12 13 9
12 14 21
12 15 76
12 16 58
12 17 56
12 18 55
12 19 1
12 20 81
12 21 0
12 22 37
12 23 79
12 24 51
12 25 60
12 26 16
12 27 6
12 28 41
12 29 56
12 30 40
12 31 73
12 32 13
12 33 99
12 34 22
12 35 98
12 36 34
12 37 39
12 38 85
12 39 87
12 40 71
12 41 77
12 42 97
12 43 9
12 44 45
12 45 16
12 46 14
12 47 65
12 48 91
12 49 67
12 50 25
12 51 38
12 52 37
12 53 42
12 54 7
12 55 91
12 56 65
12 57 95
12 58 85
12 59 94
12 60 68
12 61 43
12 62 89
12 63 91
12 64 36
12 65 49
12 66 35
12 67 62
12 68 50
12 69 22
12 70 57
12 71 20
12 72 98
12 73 96
12 74 33
12 75 78
12 76 53
12 77 38
12 78 21
12 79 65
12 80 87
12 81 36
12 82 39
12 83 35
12 84 43
12 85 32
12 86 68
12 87 30
12 88 36
12 89 66
12 90 92
12 91 58
12 92 63
12 93 34
12 94 66
12 95 76
12 96 81
12 97 28
12 98 11
12 99 95
13 0 77
13 1 13
13 2 12
13 3 48
13 4 58
13 5 35
13 6 45
13 7 61
13 8 31
13 9 10
13 10 79
13 11 20
13 12 93
13 14 25
13 15 59
13 16 79
13 17 20
13 18 3
13 19 89
13 20 7
13 21 86
13 22 77
13 23 19
13 24 71
13 25 11
13 26 75
13 27 29
13 28 25
13 29 40
13 30 97
13 31 63
13 32 46
13 33 51
13 34 35
13 35 46
13 36 47
13 37 6
13 38 30
13 39 53
13 40 60
13 41 97
13 42 47
13 43 42
13 44 77
13 45 62
13 46 32
13 47 23
13 48 47
13 49 81
13 50 62
13 51 63
13 52 20
13 53 47
13 54 11
13 55 20
13 56 90
13 57 50
13 58 49
13 59 84
13 60 95
13 61 29
13 62 66
13 63 44
13 64 52
13 65 47
13 66 91
13 67 1
13 68 1
13 69 30
13 70 65
13 71 70
13 72 83
13 73 29
13 74 75
13 75 18
13 76 1
13 77 99
13 78 44
13 79 41
13 80 21
13 81 77
13 82 71
13 83 6
13 84 28
13 85 74
13 86 90
13 87 49
13 88 29
13 89 51
13 90 61
13 91 16
13 92 99
13 93 85
13 94 87
13 95 54
13 96 77
13 97 21
13 98 0
13 99 50
14 0 70
14 1 59
14 2 4
14 3 65
14 4 41
14 5 62
14 6 35
14 7 96
14 8 54
14 9 42
14 10 46
14 11 1
14 12 10
14 13 45
14 15 14
14 16 40
14 17 33
14 18 0
14 19 40
14 20 43
14 21 18
14 22 20
14 23 12
14 24 14
14 25 19
14 26 45
14 27 58
14 28 90
14 29 33
14 30 6
14 31 60
14 32 27
14 33 77
14 34 31
14 35 75
14 36 16
14 37 28
14 38 67
14 39 65
14 40 39
14 41 44
14 42 80
14 43 86
14 44 25
14 45 3
14 46 76
14 47 77
14 48 70
14 49 74
14 50 9
14 51 40
14 52 47
14 53 94
14 54 95
14 55 8
14 56 25
14 57 76
14 58 97
14 59 54
14 60 68
14 61 16
14 62 27
14 63 36
14 64 9
14 65 99
14 66 27
14 67 74
14 68 20
14 69 99
14 70 96
14 71 38
14 72 42
14 73 58
14 74 3
14 75 12
14 76 52
14 77 27
14 78 15
14 79 3
14 80 38
14 81 69
14 82 74
14 83 17
14 84 32
14 85 95
14 86 33
14 87 5
14 88 59
14 89 85
14 90 69
14 91 67
14 92 76
14 93 68
14 94 15
14 95 11
14 96 30
14 97 69
14 98 98
14 99 52
15 0 8
15 1 90
15 2 86
15 3 64
15 4 49
15 5 9
15 6 21
15 7 50
15 8 30
15 9 17
15 10 49
15 11 9
15 12 11
15 13 58
15 14 78
15 16 44
15 17 16
15 18 99
15 19 13
15 20 27
15 21 67
15 22 81
15 23 74
15 24 23
15 25 98
15 26 76
15 27 39
15 28 99
15 29 5
15 30 37
15 31 15
15 32 69
15 33 32
15 34 82
15 35 71
15 36 80
15 37 48
15 38 62
15 39 3
15 40 3
15 41 80
15 42 80
15 43 80
15 44 33
15 45 56
15 46 14
15 47 26
15 48 83
15 49 9
15 50 23
15 51 38
15 52 70
15 53 53
15 54 38
15 55 66
15 56 3
15 57 48
15 58 14
15 59 26
15 60 59
15 61 26
15 62 68
15 63 25
15 64 66
15 65 9
15 66 3
15 67 12
15 68 92
15 69 1
15 70 77
15 71 77
15 72 30
15 73 97
15 74 58
15 75 54
15 76 71
15 77 3
15 78 42
15 79 38
15 80 70
15 81 99
15 82 75
15 83 44
15 84 100
15 85 74
15 86 72
15 87 100
15 88 41
15 89 96
15 90 80
15 91 32
15 92 74
15 93 63
15 94 99
15 95 30
15 96 51
15 97 66
15 98 22
15 99 78
16 0 28
16 1 46
16 2 76
16 3 80
16 4 92
16 5 69
16 6 38
16 7 18
16 8 24
16 9 14
16 10 68
16 11 77
16 12 58
16 13 58
16 14 74
16 15 21
16 17 78
16 18 64
16 19 71
16 20 84
16 21 30
16 22 81
16 23 25
16 24 51
16 25 86
16 26 21
16 27 63
16 28 93
16 29 25
16 30 63
16 31 51
16 32 22
16 33 76
16 34 83
16 35 87
16 36 41
16 37 83
16 38 35
16 39 22
16 40 19
16 41 57
16 42 14
16 43 17
16 44 69
16 45 10
16 46 50
16 47 19
16 48 12
16 49 42
16 50 35
16 51 34
16 52 52
16 53 82
16 54 0
16 55 53
16 56 26
16 57 75
16 58 31
16 59 66
16 60 30
16 61 15
16 62 83
16 63 31
16 64 82
16 65 42
16 66 69
16 67 73
16 68 26
16 69 63
16 70 25
16 71 7
16 72 97
16 73 73
16 74 79
16 75 56
16 76 18
16 77 72
16 78 29
16 79 33
16 80 4
16 81 9
16 82 7
16 83 19
16 84 89
16 85 27
16 86 36
16 87 98
16 88 62
16 89 86
16 90 32
16 91 21
16 92 15
16 93 95
16 94 6
16 95 51
16 96 72
16 97 27
16 98 4
16 99 43
17 0 74
17 1 35
17 2 30
17 3 17
17 4 30
17 5 5
17 6 81
17 7 71
17 8 60
17 9 20
17 10 92
17 11 42
17 12 0
17 13 52
17 14 28
17 15 37
17 16 7
17 18 30
17 19 25
17 20 51
17 21 60
17 22 80
17 23 94
17 24 8
17 25 13
17 26 24
17 27 81
17 28 49
17 29 5
17 30 16
17 31 1
17 32 85
17 33 80
17 34 44
17 35 95
17 36 27
17 37 94
17 38 78
17 39 77
17 40 13
17 41 0
17 42 25
17 43 91
17 44 33
17 45 51
17 46 97
17 47 38
17 48 4
17 49 39
17 50 86
17 51 96
17 52 3
17 53 42
17 54 20
17 55 66
17 56 63
17 57 53
17 58 81
17 59 71
17 60 57
17 61 53
17 62 1
17 63 95
17 64 14
17 65 61
17 66 71
17 67 31
17 68 73
17 69 37
17 70 50
17 71 22
17 72 26
17 73 65
17 74 51
17 75 14
17 76 16
17 77 29
17 78 39
17 79 67
17 80 27
17 81 4
17 82 29
17 83 90
17 84 69
17 85 76
17 86 67
17 87 47
17 88 52
17 89 47
17 90 84
17 91 24
17 92 37
17 93 90
17 94 86
17 95 66
17 96 99
17 97 46
17 98 72
17 99 71
18 0 41
18 1 28
18 2 94
18 3 89
18 4 97
18 5 59
18 6 35
18 7 4
18 8 7
18 9 61
18 10 92
18 11 4
18 12 62
18 13 5
18 14 97
18 15 15
18 16 54
18 17 3
18 19 17
18 20 7
18 21 44
18 22 3
18 23 31
18 24 59
18 25 81
18 26 95
18 27 31
18 28 57
18 29 51
18 30 70
18 31 86
18 32 25
18 33 86
18 34 18
18 35 83
18 36 94
18 37 99
18 38 12
18 39 74
18 40 40
18 41 61
18 42 91
18 43 62
18 44 98
18 45 20
18 46 78
18 47 77
18 48 76
18 49 70
18 50 29
18 51 6
18 52 47
18 53 89
18 54 48
18 55 3
18 56 83
18 57 1
18 58 50
18 59 45
18 60 54
18 61 57
18 62 95
18 63 66
18 64 72
18 65 43
18 66 83
18 67 24
18 68 100
18 69 13
18 70 29
18 71 61
18 72 99
18 73 24
18 74 18
18 75 13
18 76 89
18 77 93
18 78 84
18 79 36
18 80 36
18 81 98
18 82 80
18 83 16
18 84 30
18 85 39
18 86 63
18 87 98
18 88 76
18 89 79
18 90 76
18 91 59
18 92 41
18 93 95
18 94 55
18 95 12
18 96 71
18 97 100
18 98 67
18 99 84
19 0 90
19 1 31
19 2 42
19 3 61
19 4 39
19 5 83
19 6 57
19 7 86
19 8 39
19 9 49
19 10 85
19 11 37
19 12 6
19 13 84
19 14 5
19 15 27
19 16 33
19 17 66
19 18 49
19 20 12
19 21 23
19 22 29
19 23 54
19 24 46
19 25 73
19 26 88
19 27 21
19 28 6
19 29 56
19 30 43
19 31 46
19 32 58
19 33 39
19 34 4
19 35 15
19 36 6
19 37 13
19 38 81
19 39 59
19 40 66
19 41 91
19 42 5
19 43 85
19 44 65
19 45 27
19 46 33
19 47 55
19 48 54
19 49 99
19 50 3
19 51 58
19 52 53
19 53 23
19 54 70
19 55 52
19 56 22
19 57 100
19 58 75
19 59 33
19 60 15
19 61 58
19 62 20
19 63 22
19 64 37
19 65 21
19 66 46
19 67 30
19 68 65
19 69 37
19 70 26
19 71 42
19 72 84
19 73 34
19 74 38
19 75 0
19 76 25
19 77 9
19 78 93
19 79 86
19 80 18
19 81 72
19 82 85
19 83 78
19 84 88
19 85 100
19 86 20
19 87 79
19 88 30
19 89 76
19 90 30
19 91 63
19 92 5
19 93 88
19 94 59
19 95 2
19 96 14
19 97 46
19 98 32
19 99 11
20 0 88
20 1 71
20 2 53
20 3 20
20 4 88
20 5 77
20 6 33
20 7 10
20 8 32
20 9 65
20 10 65
20 11 49
20 12 34
20 13 96
20 14 35
20 15 68
20 16 4
20 17 86
20 18 27
20 19 97
20 21 82
20 22 28
20 23 92
20 24 11
20 25 26
20 26 99
20 27 69
20 28 45
20 29 85
20 30 86
20 31 25
20 32 83
20 33 18
20 34 96
20 35 32
20 36 76
20 37 67
20 38 93
20 39 3
20 40 87
20 41 56
20 42 15
20 43 66
20 44 66
20 45 76
20 46 73
20 47 56
20 48 39
20 49 41
20 50 12
20 51 52
20 52 38
20 53 47
20 54 40
20 55 99
20 56 76
20 57 75
20 58 42
20 59 64
20 60 77
20 61 53
20 62 11
20 63 69
20 64 51
20 65 69
20 66 7
20 67 29
20 68 68
20 69 23
20 70 72
20 71 32
20 72 52
20 73 9
20 74 11
20 75 52
20 76 31
20 77 46
20 78 32
20 79 88
20 80 13
20 81 49
20 82 89
20 83 35
20 84 91
20 85 19
20 86 16
20 87 70
20 88 37
20 89 16
20 90 95
20 91 59
20 92 100
20 93 95
20 94 32
20 95 77
20 96 47
20 97 21
20 98 82
20 99 79
21 0 53
21 1 98
21 2 82
21 3 33
21 4 92
21 5 67
21 6 88
21 7 22
21 8 7
21 9 16
21 10 92
21 11 58
21 12 88
21 13 41
21 14 13
21 15 66
21 16 17
21 17 24
21 18 13
21 19 19
21 20 78
21 22 30
21 23 11
21 24 6
21 25 22
21 26 8
21 27 10
21 28 97
21 29 4
21 30 55
21 31 74
21 32 83
21 33 88
21 34 100
21 35 3
21 36 79
21 37 60
21 38 17
21 39 14
21 40 79
21 41 75
21 42 60
21 43 81
21 44 41
21 45 19
21 46 52
21 47 43
21 48 100
21 49 14
21 50 95
21 51 20
21 52 70
21 53 53
21 54 65
21 55 66
21 56 83
21 57 75
21 58 47
21 59 2
21 60 52
21 61 73
21 62 60
21 63 45
21 64 60
21 65 6
21 66 53
21 67 64
21 68 50
21 69 98
21 70 62
21 71 100
21 72 40
21 73 62
21 74 2
21 75 40
21 76 45
21 77 9
21 78 72
21 79 90
21 80 77
21 81 72
21 82 93
21 83 82
21 84 60
21 85 42
21 86 58
21 87 97
21 88 85
21 89 68
21 90 35
21 91 48
21 92 7
21 93 42
21 94 17
21 95 84
21 96 95
21 97 85
21 98 13
21 99 92
22 0 45
22 1 48
22 2 46
22 3 13
22 4 2
22 5 53
22 6 10
22 7 95
22 8 7
22 9 17
22 10 45
22 11 83
22 12 90
22 13 87
22 14 4
22 15 7
22 16 21
22 17 85
22 18 71
22 19 40
22 20 100
22 21 4
22 23 52
22 24 96
22 25 93
22 26 79
22 27 41
22 28 44
22 29 79
22 30 88
22 31 86
22 32 59
22 33 0
22 34 96
22 35 64
22 36 61
22 37 15
22 38 54
22 39 73
22 40 41
22 41 80
22 42 5
22 43 5
22 44 73
22 45 10
22 46 44
22 47 73
22 48 1
22 49 15
22 50 85
22 51 47
22 52 71
22 53 83
22 54 66
22 55 44
22 56 77
22 57 15
22 58 54
22 59 1
22 60 60
22 61 67
22 62 77
22 63 32
22 64 59
22 65 58
22 66 34
22 67 55
22 68 81
22 69 27
22 70 70
22 71 52
22 72 89
22 73 24
22 74 75
22 75 47
22 76 50
22 77 79
22 78 18
22 79 36
22 80 31
22 81 49
22 82 73
22 83 27
22 84 28
22 85 1
22 86 62
22 87 22
22 88 62
22 89 79
22 90 92
22 91 76
22 92 45
22 93 37
22 94 26
22 95 82
22 96 37
22 97 64
22 98 37
22 99 36
23 0 95
23 1 59
23 2 38
23 3 79
23 4 41
23 5 48
23 6 17
23 7 76
23 8 34
23 9 47
23 10 62
23 11 3
23 12 23
23 13 100
23 14 22
23 15 32
23 16 14
23 17 87
23 18 90
23 19 95
23 20 71
23 21 23
23 22 18
23 24 64
23 25 55
23 26 48
23 27 60
23 28 86
23 29 12
23 30 14
23 31 76
23 32 84
23 33 21
23 34 58
23 35 7
23 36 60
23 37 20
23 38 33
23 39 71
23 40 40
23 41 12
23 42 25
23 43 11
23 44 32
23 45 8
23 46 62
23 47 52
23 48 27
23 49 31
23 50 29
23 51 3
23 52 65
23 53 70
23 54 45
23 55 4
23 56 93
23 57 87
23 58 75
23 59 28
23 60 79
23 61 69
23 62 34
23 63 95
23 64 43
23 65 84
23 66 3
23 67 70
23 68 12
23 69 13
23 70 57
23 71 26
23 72 4
23 73 44
23 74 7
23 75 55
23 76 93
23 77 48
23 78 22
23 79 9
23 80 32
23 81 44
23 82 24
23 83 85
23 84 60
23 85 78
23 86 26
23 87 18
23 88 34
23 89 90
23 90 38
23 91 57
23 92 100
23 93 69
23 94 38
23 95 80
23 96 75
23 97 6
23 98 32
23 99 74
24 0 20
24 1 60
24 2 27
24 3 80
24 4 87
24 5 20
24 6 70
24 7 55
24 8 73
24 9 74
24 10 28
24 11 22
24 12 39
24 13 91
24 14 93
24 15 60
24 16 10
24 17 63
24 18 65
24 19 68
24 20 71
24 21 95
24 22 55
24 23 52
24 25 91
24 26 5
24 27 18
24 28 70
24 29 32
24 30 9
24 31 88
24 32 73
24 33 65
24 34 20
24 35 20
24 36 28
24 37 15
24 38 64
24 39 79
24 40 21
24 41 47
24 42 44
24 43 44
24 44 98
24 45 16
24 46 30
24 47 10
24 48 23
24 49 98
24 50 91
24 51 49
24 52 71
24 53 75
24 54 66
24 55 17
24 56 43
24 57 100
24 58 4
24 59 26
24 60 65
24 61 88
24 62 47
24 63 84
24 64 24
24 65 32
24 66 18
24 67 83
24 68 15
24 69 89
24 70 60
24 71 90
24 72 64
24 73 20
24 74 94
24 75 28
24 76 80
24 77 78
24 78 21
24 79 13
24 80 80
24 81 84
24 82 56
24 83 41
24 84 42
24 85 87
24 86 61
24 87 32
24 88 56
24 89 12
24 90 46
24 91 28
24 92 22
24 93 98
24 94 55
24 95 24
24 96 30
24 97 57
24 98 50
24 99 93
25 0 26
25 1 31
25 2 48
25 3 43
25 4 27
25 5 86
25 6 47
25 7 94
25 8 39
25 9 33
25 10 82
25 11 4
25 12 12
25 13 16
25 14 66
25 15 30
25 16 55
25 17 47
25 18 84
25 19 81
25 20 87
25 21 10
25 22 47
25 23 89
25 24 99
25 26 81
25 27 92
25 28 51
25 29 41
25 30 92
25 31 2
25 32 96
25 33 7
25 34 32
25 35 53
25 36 50
25 37 20
25 38 78
25 39 40
25 40 58
25 41 62
25 42 97
25 43 27
25 44 76
25 45 54
25 46 81
25 47 39
25 48 79
25 49 66
25 50 1
25 51 0
25 52 57
25 53 80
25 54 75
25 55 46
25 56 100
25 57 22
25 58 85
25 59 36
25 60 34
25 61 93
25 62 54
25 63 4
25 64 66
25 65 11
25 66 58
25 67 97
25 68 0
25 69 35
25 70 82
25 71 54
25 72 82
25 73 56
25 74 63
25 75 49
25 76 11
25 77 82
25 78 70
25 79 2
25 80 68
25 81 4
25 82 71
25 83 39
25 84 39
25 85 62
25 86 37
25 87 23
25 88 63
25 89 34
25 90 31
25 91 85
25 92 98
25 93 75
25 94 43
25 95 56
25 96 34
25 97 41
25 98 45
25 99 13
26 0 59
26 1 80
26 2 82
26 3 97
26 4 85
26 5 65
26 6 91
26 7 8
26 8 34
26 9 36
26 10 33
26 11 52
26 12 5
26 13 83
26 14 57
26 15 90
26 16 51
26 17 27
26 18 1
26 19 74
26 20 23
26 21 89
26 22 16
26 23 79
26 24 25
26 25 21
26 27 54
26 28 26
26 29 22
26 30 93
26 31 12
26 32 18
26 33 33
26 34 86
26 35 23
26 36 78
26 37 36
26 38 63
26 39 81
26 40 12
26 41 24
26 42 48
26 43 83
26 44 100
26 45 26
26 46 77
26 47 67
26 48 69
26 49 53
26 50 20
26 51 71
26 52 12
26 53 57
26 54 79
26 55 57
26 56 2
26 57 76
26 58 59
26 59 30
26 60 18
26 61 85
26 62 82
26 63 35
26 64 9
26 65 83
26 66 10
26 67 25
26 68 7
26 69 100
26 70 75
26 71 66
26 72 17
26 73 67
26 74 72
26 75 8
26 76 22
26 77 81
26 78 72
26 79 80
26 80 0
26 81 0
26 82 53
26 83 36
26 84 96
26 85 44
26 86 41
26 87 23
26 88 72
26 89 94
26 90 59
26 91 66
26 92 17
26 93 90
26 94 20
26 95 24
26 96 87
26 97 75
26 98 44
26 99 46
27 0 62
27 1 6
27 2 62
27 3 79
27 4 72
27 5 36
27 6 73
27 7 84
27 8 0
27 9 72
27 10 51
27 11 79
27 12 87
27 13 52
27 14 0
27 15 86
27 16 95
27 17 71
27 18 68
27 19 18
27 20 78
27 21 0
27 22 79
27 23 2
27 24 1
27 25 62
27 26 0
27 28 71
27 29 35
27 30 44
27 31 6
27 32 17
27 33 83
27 34 57
27 35 30
27 36 75
27 37 60
27 38 32
27 39 66
27 40 38
27 41 59
27 42 78
27 43 76
27 44 42
27 45 25
27 46 53
27 47 18
27 48 91
27 49 1
27 50 6
27 51 57
27 52 6
27 53 82
27 54 58
27 55 90
27 56 3
27 57 33
27 58 96
27 59 61
27 60 96
27 61 88
27 62 13
27 63 37
27 64 98
27 65 38
27 66 21
27 67 28
27 68 68
27 69 64
27 70 3
27 71 15
27 72 29
27 73 67
27 74 14
27 75 81
27 76 90
27 77 31
27 78 14
27 79 87
27 80 56
27 81 52
27 82 60
27 83 77
27 84 35
27 85 74
27 86 11
27 87 32
27 88 88
27 89 23
27 90 22
27 91 1
27 92 65
27 93 29
27 94 25
27 95 52
27 96 88
27 97 4
27 98 79
27 99 30
28 0 83
28 1 83
28 2 77
28 3 2
28 4 24
28 5 81
28 6 59
28 7 3
28 8 74
28 9 83
28 10 31
28 11 72
28 12 100
28 13 17
28 14 34
28 15 75
28 16 96
28 17 73
28 18 3
28 19 4
28 20 31
28 21 85
28 22 5
28 23 75
28 24 77
28 25 43
28 26 20
28 27 32
28 29 6
28 30 16
28 31 33
28 32 100
28 33 32
28 34 36
28 35 79
28 36 89
28 37 34
28 38 87
28 39 39
28 40 60
28 41 79
28 42 34
28 43 52
28 44 93
28 45 26
28 46 3
28 47 0
28 48 77
28 49 92
28 50 42
28 51 72
28 52 62
28 53 40
28 54 87
28 55 42
28 56 44
28 57 98
28 58 72
28 59 50
28 60 68
28 61 60
28 62 59
28 63 14
28 64 56
28 65 71
28 66 40
28 67 73
28 68 100
28 69 50
28 70 91
28 71 3
28 72 40
28 73 49
28 74 81
28 75 62
28 76 19
28 77 1
28 78 1
28 79 72
28 80 55
28 81 52
28 82 52
28 83 26
28 84 1
28 85 92
28 86 12
28 87 48
28 88 57
28 89 67
28 90 57
28 91 23
28 92 0
28 93 7
28 94 100
28 95 74
28 96 83
28 97 99
28 98 75
28 99 15
29 0 68
29 1 48
29 2 71
29 3 5
29 4 13
29 5 61
29 6 7
29 7 85
29 8 75
29 9 75
29 10 91
29 11 41
29 12 98
29 13 60
29 14 92
29 15 6
29 16 70
29 17 76
29 18 87
29 19 7
29 20 15
29 21 45
29 22 81
29 23 16
29 24 61
29 25 78
29 26 11
29 27 40
29 28 97
29 30 35
29 31 22
29 32 8
29 33 39
29 34 88
29 35 84
29 36 47
29 37 64
29 38 47
29 39 45
29 40 40
29 41 27
29 42 100
29 43 12
29 44 25
29 45 4
29 46 7
29 47 68
29 48 92
29 49 1
29 50 75
29 51 68
29 52 29
29 53 76
29 54 90
29 55 46
29 56 12
29 57 85
29 58 33
29 59 92
29 60 21
29 61 86
29 62 19
29 63 61
29 64 29
29 65 32
29 66 48
29 67 14
29 68 83
29 69 52
29 70 25
29 71 39
29 72 21
29 73 80
29 74 67
29 75 51
29 76 25
29 77 9
29 78 19
29 79 60
29 80 54
29 81 58
29 82 53
29 83 79
29 84 70
29 85 96
29 86 42
29 87 91
29 88 16
29 89 21
29 90 28
29 91 44
29 92 1
29 93 42
29 94 25
29 95 42
29 96 85
29 97 75
29 98 43
29 99 7
30 0 92
30 1 25
30 2 50
30 3 48
30 4 50
30 5 41
30 6 76
30 7 36
30 8 8
30 9 49
30 10 24
30 11 91
30 12 100
30 13 40
30 14 60
30 15 56
30 16 19
30 17 67
30 18 82
30 19 12
30 20 71
30 21 65
30 22 45
30 23 42
30 24 43
30 25 37
30 26 87
30 27 51
30 28 76
30 29 69
30 31 17
30 32 64
30 33 21
30 34 99
30 35 68
30 36 85
30 37 65
30 38 16
30 39 53
30 40 29
30 41 15
30 42 17
30 43 72
30 44 50
30 45 49
30 46 84
30 47 82
30 48 64
30 49 67
30 50 80
30 51 35
30 52 49
30 53 87
30 54 96
30 55 45
30 56 33
30 57 24
30 58 19
30 59 50
30 60 93
30 61 74
30 62 82
30 63 69
30 64 66
30 65 42
30 66 12
30 67 39
30 68 10
30 69 90
30 70 44
30 71 51
30 72 58
30 73 75
30 74 34
30 75 86
30 76 58
30 77 50
30 78 88
30 79 0
30 80 43
30 81 67
30 82 86
30 83 87
30 84 61
30 85 79
30 86 51
30 87 72
30 88 13
30 89 25
30 90 99
30 91 11
30 92 56
30 93 11
30 94 78
30 95 93
30 96 18
30 97 3
30 98 89
30 99 98
31 0 33
31 1 42
31 2 92
31 3 71
31 4 23
31 5 95
31 6 8
31 7 67
31 8 93
31 9 89
31 10 8
31 11 81
31 12 53
31 13 26
31 14 2
31 15 94
31 16 3
31 17 49
31 18 63
31 19 94
31 20 24
31 21 41
31 22 68
31 23 41
31 24 98
31 25 50
31 26 2
31 27 54
31 28 48
31 29 100
31 30 9
31 32 98
31 33 20
31 34 36
31 35 54
31 36 21
31 37 100
31 38 38
31 39 54
31 40 86
31 41 23
31 42 93
31 43 19
31 44 89
31 45 30
31 46 85
31 47 94
31 48 10
31 49 15
31 50 77
31 51 97
31 52 66
31 53 98
31 54 100
31 55 79
31 56 14
31 57 3
31 58 10
31 59 97
31 60 66
31 61 95
31 62 53
31 63 89
31 64 14
31 65 15
31 66 42
31 67 92
31 68 83
31 69 81
31 70 52
31 71 35
31 72 98
31 73 89
31 74 20
31 75 8
31 76 88
31 77 62
31 78 27
31 79 47
31 80 29
31 81 39
31 82 17
31 83 57
31 84 16
31 85 74
31 86 20
31 87 39
31 88 0
31 89 90
31 90 1
31 91 27
31 92 92
31 93 94
31 94 94
31 95 1
31 96 29
31 97 2
31 98 75
31 99 59
32 0 97
32 1 23
32 2 57
32 3 36
32 4 74
32 5 20
32 6 70
32 7 77
32 8 21
32 9 60
32 10 66
32 11 61
32 12 38
32 13 43
32 14 63
32 15 19
32 16 21
32 17 43
32 18 63
32 19 23
32 20 9
32 21 46
32 22 18
32 23 74
32 24 89
32 25 3
32 26 76
32 27 55
32 28 5
32 29 50
32 30 58
32 31 46
32 33 8
32 34 76
32 35 28
32 36 28
32 37 41
32 38 89
32 39 54
32 40 77
32 41 52
32 42 15
32 43 3
32 44 68
32 45 10
32 46 5
32 47 78
32 48 8
32 49 57
32 50 64
32 51 79
32 52 76
32 53 95
32 54 88
32 55 55
32 56 5
32 57 87
32 58 23
32 59 53
32 60 95
32 61 23
32 62 53
32 63 25
32 64 47
32 65 19
32 66 7
32 67 1
32 68 14
32 69 57
32 70 55
32 71 14
32 72 42
32 73 7
32 74 14
32 75 5
32 76 7
32 77 56
32 78 60
32 79 2
32 80 73
32 81 34
32 82 27
32 83 77
32 84 12
32 85 72
32 86 43
32 87 31
32 88 39
32 89 99
32 90 33
32 91 27
32 92 10
32 93 21
32 94 17
32 95 16
32 96 12
32 97 24
32 98 97
32 99 70
33 0 25
33 1 69
33 2 68
33 3 6
33 4 53
33 5 72
33 6 77
33 7 19
33 8 2
33 9 36
33 10 56
33 11 86
33 12 2
33 13 78
33 14 17
33 15 66
33 16 76
33 17 47
33 18 59
33 19 67
33 20 34
33 21 54
33 22 11
33 23 75
33 24 60
33 25 47
33 26 65
33 27 90
33 28 91
33 29 80
33 30 10
33 31 5
33 32 69
33 34 30
33 35 2
33 36 72
33 37 53
33 38 96
33 39 65
33 40 60
33 41 57
33 42 22
33 43 56
33 44 86
33 45 47
33 46 77
33 47 89
33 48 58
33 49 20
33 50 48
33 51 88
33 52 1
33 53 70
33 54 38
33 55 59
33 56 23
33 57 77
33 58 72
33 59 90
33 60 52
33 61 23
33 62 50
33 63 67
33 64 44
33 65 32
33 66 34
33 67 27
33 68 68
33 69 99
33 70 37
33 71 20
33 72 23
33 73 41
33 74 16
33 75 64
33 76 44
33 77 9
33 78 4
33 79 51
33 80 86
33 81 50
33 82 21
33 83 29
33 84 20
33 85 27
33 86 4
33 87 16
33 88 97
33 89 80
33 90 56
33 91 13
33 92 78
33 93 6
33 94 24
33 95 4
33 96 64
33 97 13
33 98 3
33 99 55
34 0 62
34 1 14
34 2 11
34 3 69
34 4 16
34 5 59
34 6 33
34 7 24
34 8 72
34 9 72
34 10 65
34 11 86
34 12 94
34 13 8
34 14 59
34 15 14
34 16 25
34 17 76
34 18 95
34 19 22
34 20 43
34 21 98
34 22 84
34 23 22
34 24 98
34 25 29
34 26 52
34 27 32
34 28 52
34 29 62
34 30 2
34 31 2
34 32 46
34 33 74
34 35 18
34 36 74
34 37 83
34 38 39
34 39 44
34 40 3
34 41 14
34 42 7
34 43 30
34 44 47
34 45 6
34 46 35
34 47 85
34 48 70
34 49 95
34 50 34
34 51 44
34 52 93
34 53 3
34 54 78
34 55 73
34 56 91
34 57 10
34 58 7
34 59 84
34 60 60
34 61 6
34 62 22
34 63 68
34 64 37
34 65 82
34 66 47
34 67 7
34 68 45
34 69 9
34 70 73
34 71 2
34 72 72
34 73 52
34 74 38
34 75 80
34 76 90
34 77 52
34 78 93
34 79 93
34 80 28
34 81 70
34 82 59
34 83 38
34 84 79
34 85 45
34 86 69
34 87 27
34 88 87
34 89 46
34 90 59
34 91 0
34 92 80
34 93 73
34 94 99
34 95 53
34 96 21
34 97 91
34 98 36
34 99 95
35 0 11
35 1 47
35 2 59
35 3 42
35 4 6
35 5 73
35 6 96
35 7 34
35 8 13
35 9 71
35 10 12
35 11 26
35 12 0
35 13 66
35 14 58
35 15 84
35 16 20
35 17 62
35 18 81
35 19 30
35 20 57
35 21 43
35 22 26
35 23 92
35 24 73
35 25 94
35 26 40
35 27 54
35 28 98
35 29 45
35 30 50
35 31 77
35 32 40
35 33 26
35 34 53
35 36 86
35 37 15
35 38 59
35 39 63
35 40 97
35 41 16
35 42 3
35 43 49
35 44 22
35 45 46
35 46 12
35 47 71
35 48 25
35 49 63
35 50 89
35 51 36
35 52 83
35 53 57
35 54 38
35 55 1
35 56 93
35 57 77
35 58 32
35 59 41
35 60 85
35 61 75
35 62 82
35 63 18
35 64 2
35 65 25
35 66 75
35 67 85
35 68 51
35 69 45
35 70 56
35 71 59
35 72 86
35 73 82
35 74 73
35 75 19
35 76 34
35 77 61
35 78 15
35 79 75
35 80 97
35 81 100
35 82 89
35 83 70
35 84 41
35 85 20
35 86 5
35 87 34
35 88 100
35 89 55
35 90 77
35 91 65
35 92 37
35 93 0
35 94 16
35 95 17
35 96 19
35 97 67
35 98 44
35 99 87
36 0 86
36 1 40
36 2 77
36 3 25
36 4 64
36 5 64
36 6 97
36 7 75
36 8 74
36 9 18
36 10 90
36 11 51
36 12 1
36 13 83
36 14 81
36 15 2
36 16 79
36 17 47
36 18 36
36 19 77
36 20 69
36 21 45
36 22 23
36 23 53
36 24 34
36 25 6
36 26 9
36 27 90
36 28 26
36 29 10
36 30 28
36 31 84
36 32 53
36 33 69
36 34 66
36 35 36
36 37 17
36 38 91
36 39 39
36 40 97
36 41 24
36 42 54
36 43 84
36 44 38
36 45 0
36 46 61
36 47 79
36 48 85
36 49 94
36 50 24
36 51 54
36 52 77
36 53 28
36 54 35
36 55 100
36 56 85
36 57 81
36 58 62
36 59 45
36 60 64
36 61 66
36 62 38
36 63 81
36 64 13
36 65 23
36 66 73
36 67 68
36 68 28
36 69 34
36 70 40
36 71 62
36 72 92
36 73 53
36 74 27
36 75 67
36 76 71
36 77 23
36 78 11
36 79 6
36 80 28
36 81 28
36 82 60
36 83 69
36 84 98
36 85 20
36 86 70
36 87 41
36 88 81
36 89 59
36 90 34
36 91 63
36 92 24
36 93 3
36 94 71
36 95 43
36 96 65
36 97 94
36 98 84
36 99 3
37 0 100
37 1 49
37 2 2
37 3 100
37 4 78
37 5 72
37 6 55
37 7 52
37 8 31
37 9 4
37 10 27
37 11 57
37 12 78
37 13 81
37 14 1
37 15 12
37 16 89
37 17 15
37 18 91
37 19 96
37 20 84
37 21 7
37 22 94
37 23 85
37 24 67
37 25 39
37 26 56
37 27 95
37 28 26
37 29 33
37 30 50
37 31 34
37 32 31
37 33 2
37 34 27
37 35 44
37 36 26
37 38 40
37 39 55
37 40 21
37 41 21
37 42 19
37 43 72
37 44 29
37 45 87
37 46 94
37 47 34
37 48 10
37 49 80
37 50 71
37 51 92
37 52 37
37 53 45
37 54 18
37 55 98
37 56 40
37 57 44
37 58 83
37 59 35
37 60 84
37 61 100
37 62 46
37 63 53
37 64 20
37 65 6
37 66 93
37 67 12
37 68 52
37 69 33
37 70 100
37 71 58
37 72 94
37 73 99
37 74 66
37 75 67
37 76 79
37 77 2
37 78 3
37 79 24
37 80 91
37 81 57
37 82 87
37 83 98
37 84 63
37 85 49
37 86 85
37 87 74
37 88 72
37 89 92
37 90 93
37 91 26
37 92 23
37 93 93
37 94 62
37 95 32
37 96 55
37 97 2
37 98 33
37 99 46
38 0 25
38 1 74
38 2 100
38 3 79
38 4 15
38 5 73
38 6 33
38 7 5
38 8 44
38 9 1
38 10 25
38 11 16
38 12 70
38 13 6
38 14 97
38 15 100
38 16 53
38 17 74
38 18 41
38 19 9
38 20 47
38 21 96
38 22 34
38 23 55
38 24 28
38 25 76
38 26 43
38 27 69
38 28 42
38 29 30
38 30 82
38 31 66
38 32 5
38 33 58
38 34 66
38 35 31
38 36 76
38 37 86
38 39 4
38 40 75
38 41 20
38 42 88
38 43 32
38 44 18
38 45 48
38 46 64
38 47 9
38 48 36
38 49 76
38 50 23
38 51 39
38 52 77
38 53 18
38 54 77
38 55 87
38 56 10
38 57 58
38 58 40
38 59 80
38 60 13
38 61 35
38 62 7
38 63 34
38 64 63
38 65 89
38 66 87
38 67 81
38 68 84
38 69 21
38 70 1
38 71 43
38 72 28
38 73 51
38 74 19
38 75 65
38 76 66
38 77 29
38 78 27
38 79 79
38 80 64
38 81 45
38 82 64
38 83 85
38 84 85
38 85 97
38 86 77
38 87 13
38 88 23
38 89 83
38 90 29
38 91 70
38 92 65
38 93 95
38 94 12
38 95 11
38 96 9
38 97 39
38 98 25
38 99 97
39 0 58
39 1 4
39 2 99
39 3 17
39 4 23
39 5 51
39 6 20
39 7 94
39 8 90
39 9 18
39 10 15
39 11 100
39 12 77
39 13 20
39 14 86
39 15 27
39 16 68
39 17 58
39 18 7
39 19 86
39 20 34
39 21 9
39 22 38
39 23 46
39 24 53
39 25 25
39 26 74
39 27 34
39 28 75
39 29 35
39 30 87
39 31 49
39 32 45
39 33 7
39 34 40
39 35 87
39 36 14
39 37 76
39 38 84
39 40 23
39 41 26
39 42 49
39 43 68
39 44 6
39 45 58
39 46 81
39 47 50
39 48 47
39 49 72
39 50 92
39 51 67
39 52 25
39 53 95
39 54 70
39 55 91
39 56 14
39 57 47
39 58 48
39 59 56
39 60 72
39 61 57
39 62 83
39 63 46
39 64 4
39 65 65
39 66 81
39 67 86
39 68 20
39 69 72
39 70 93
39 71 65
39 72 99
39 73 89
39 74 23
39 75 10
39 76 81
39 77 99
39 78 18
39 79 12
39 80 71
39 81 55
39 82 58
39 83 98
39 84 57
39 85 84
39 86 85
39 87 48
39 88 89
39 89 6
39 90 28
39 91 43
39 92 54
39 93 98
39 94 47
39 95 6
39 96 58
39 97 83
39 98 63
39 99 19
40 0 25
40 1 17
40 2 54
40 3 54
40 4 3
40 5 44
40 6 74
40 7 35
40 8 42
40 9 63
40 10 19
40 11 68
40 12 25
40 13 55
40 14 76
40 15 71
40 16 78
40 17 7
40 18 40
40 19 88
40 20 84
40 21 70
40 22 83
40 23 49
40 24 85
40 25 66
40 26 99
40 27 77
40 28 87
40 29 66
40 30 63
40 31 21
40 32 82
40 33 100
40 34 11
40 35 8
40 36 45
40 37 21
40 38 77
40 39 50
40 41 2
40 42 32
40 43 31
40 44 73
40 45 34
40 46 14
40 47 44
40 48 81
40 49 97
40 50 2
40 51 75
40 52 75
40 53 90
40 54 38
40 55 31
40 56 75
40 57 4
40 58 55
40 59 68
40 60 4
40 61 6
40 62 100
40 63 75
40 64 31
40 65 76
40 66 42
40 67 68
40 68 30
40 69 77
40 70 65
40 71 34
40 72 12
40 73 54
40 74 92
40 75 24
40 76 68
40 77 83
40 78 97
40 79 19
40 80 61
40 81 20
40 82 96
40 83 83
40 84 92
40 85 11
40 86 36
40 87 25
40 88 16
40 89 16
40 90 95
40 91 58
40 92 32
40 93 78
40 94 33
40 95 28
40 96 52
40 97 50
40 98 53
40 99 50
41 0 30
41 1 50
41 2 71
41 3 21
41 4 95
41 5 90
41 6 26
41 7 86
41 8 29
41 9 21
41 10 89
41 11 100
41 12 14
41 13 97
41 14 6
41 15 85
41 16 81
41 17 44
41 18 70
41 19 93
41 20 24
41 21 79
41 22 30
41 23 29
41 24 46
41 25 60
41 26 77
41 27 38
41 28 42
41 29 98
41 30 42
41 31 63
41 32 84
41 33 58
41 34 11
41 35 8
41 36 1
41 37 52
41 38 76
41 39 1
41 40 4
41 42 62
41 43 41
41 44 57
41 45 84
41 46 18
41 47 82
41 48 18
41 49 98
41 50 21
41 51 54
41 52 46
41 53 85
41 54 28
41 55 14
41 56 40
41 57 28
41 58 59
41 59 82
41 60 42
41 61 14
41 62 78
41 63 73
41 64 50
41 65 33
41 66 66
41 67 5
41 68 56
41 69 36
41 70 64
41 71 68
41 72 34
41 73 39
41 74 96
41 75 44
41 76 53
41 77 22
41 78 7
41 79 19
41 80 72
41 81 71
41 82 76
41 83 3
41 84 99
41 85 48
41 86 96
41 87 68
41 88 94
41 89 7
41 90 39
41 91 69
41 92 11
41 93 16
41 94 37
41 95 54
41 96 7
41 97 62
41 98 40
41 99 6
42 0 44
42 1 76
42 2 46
42 3 25
42 4 15
42 5 43
42 6 82
42 7 77
42 8 29
42 9 21
42 10 93
42 11 64
42 12 36
42 13 42
42 14 29
42 15 4
42 16 85
42 17 6
42 18 99
42 19 28
42 20 28
42 21 94
42 22 39
42 23 72
42 24 83
42 25 50
42 26 71
42 27 47
42 28 27
42 29 73
42 30 23
42 31 61
42 32 90
42 33 46
42 34 28
42 35 29
42 36 94
42 37 8
42 38 73
42 39 6
42 40 74
42 41 28
42 43 6
42 44 65
42 45 37
42 46 10
42 47 6
42 48 39
42 49 32
42 50 54
42 51 80
42 52 100
42 53 91
42 54 24
42 55 84
42 56 48
42 57 19
42 58 71
42 59 42
42 60 1
42 61 38
42 62 78
42 63 87
42 64 84
42 65 39
42 66 4
42 67 7
42 68 41
42 69 83
42 70 82
42 71 85
42 72 12
42 73 53
42 74 28
42 75 29
42 76 0
42 77 6
42 78 70
42 79 44
42 80 21
42 81 39
42 82 9
42 83 90
42 84 66
42 85 72
42 86 87
42 87 68
42 88 38
42 89 23
42 90 57
42 91 26
42 92 56
42 93 66
42 94 81
42 95 40
42 96 16
42 97 89
42 98 7
42 99 75
43 0 56
43 1 37
43 2 78
43 3 7
43 4 77
43 5 45
43 6 36
43 7 8
43 8 66
43 9 34
43 10 36
43 11 74
43 12 11
43 13 90
43 14 34
43 15 20
43 16 56
43 17 72
43 18 34
43 19 29
43 20 35
43 21 44
43 22 88
43 23 34
43 24 34
43 25 85
43 26 29
43 27 86
43 28 5
43 29 66
43 30 32
43 31 61
43 32 2
43 33 52
43 34 61
43 35 77
43 36 49
43 37 96
43 38 96
43 39 28
43 40 57
43 41 30
43 42 39
43 44 34
43 45 26
43 46 81
43 47 67
43 48 47
43 49 52
43 50 73
43 51 44
43 52 30
43 53 62
43 54 39
43 55 74
43 56 44
43 57 17
43 58 16
43 59 21
43 60 8
43 61 20
43 62 83
43 63 67
43 64 76
43 65 31
43 66 32
43 67 71
43 68 74
43 69 7
43 70 4
43 71 1
43 72 80
43 73 35
43 74 20
43 75 92
43 76 94
43 77 90
43 78 38
43 79 65
43 80 52
43 81 95
43 82 18
43 83 59
43 84 9
43 85 11
43 86 28
43 87 82
43 88 86
43 89 73
43 90 86
43 91 98
43 92 28
43 93 61
43 94 1
43 95 53
43 96 43
43 97 45
43 98 54
43 99 70
44 0 41
44 1 62
44 2 37
44 3 7
44 4 73
44 5 24
44 6 60
44 7 100
44 8 22
44 9 67
44 10 40
44 11 87
44 12 10
44 13 90
44 14 12
44 15 50
44 16 61
44 17 20
44 18 33
44 19 60
44 20 84
44 21 35
44 22 14
44 23 15
44 24 5
44 25 28
44 26 97
44 27 14
44 28 63
44 29 30
44 30 68
44 31 44
44 32 39
44 33 43
44 34 45
44 35 56
44 36 87
44 37 49
44 38 49
44 39 87
44 40 8
44 41 97
44 42 12
44 43 37
44 45 76
44 46 0
44 47 93
44 48 58
44 49 52
44 50 16
44 51 72
44 52 88
44 53 94
44 54 54
44 55 43
44 56 7
44 57 6
44 58 79
44 59 98
44 60 97
44 61 77
44 62 50
44 63 40
44 64 59
44 65 17
44 66 54
44 67 73
44 68 23
44 69 36
44 70 2
44 71 39
44 72 85
44 73 46
44 74 56
44 75 82
44 76 93
44 77 0
44 78 15
44 79 89
44 80 24
44 81 100
44 82 87
44 83 32
44 84 18
44 85 34
44 86 7
44 87 83
44 88 28
44 89 42
44 90 14
44 91 60
44 92 92
44 93 18
44 94 79
44 95 22
44 96 43
44 97 8
44 98 5
44 99 31
45 0 70
45 1 29
45 2 62
45 3 15
45 4 26
45 5 1
45 6 23
45 7 15
45 8 19
45 9 61
45 10 73
45 11 40
45 12 51
45 13 22
45 14 77
45 15 29
45 16 32
45 17 4
45 18 62
45 19 4
45 20 39
45 21 31
45 22 38
45 23 76
45 24 87
45 25 64
45 26 31
45 27 65
45 28 12
45 29 70
45 30 42
45 31 80
45 32 58
45 33 44
45 34 66
45 35 40
45 36 87
45 37 84
45 38 99
45 39 21
45 40 63
45 41 20
45 42 6
45 43 66
45 44 11
45 46 93
45 47 99
45 48 66
45 49 36
45 50 19
45 51 34
45 52 22
45 53 97
45 54 94
45 55 33
45 56 82
45 57 63
45 58 2
45 59 87
45 60 85
45 61 41
45 62 44
45 63 71
45 64 12
45 65 12
45 66 24
45 67 10
45 68 42
45 69 33
45 70 20
45 71 26
45 72 52
45 73 27
45 74 30
45 75 46
45 76 4
45 77 74
45 78 29
45 79 41
45 80 63
45 81 21
45 82 57
45 83 71
45 84 90
45 85 23
45 86 100
45 87 29
45 88 74
45 89 74
45 90 8
45 91 81
45 92 83
45 93 87
45 94 81
45 95 32
45 96 36
45 97 26
45 98 75
45 99 22
46 0 23
46 1 53
46 2 99
46 3 89
46 4 17
46 5 94
46 6 83
46 7 86
46 8 75
46 9 71
46 10 43
46 11 6
46 12 30
46 13 61
46 14 46
46 15 2
46 16 76
46 17 7
46 18 60
46 19 11
46 20 92
46 21 29
46 22 0
46 23 57
46 24 50
46 25 2
46 26 15
46 27 63
46 28 62
46 29 26
46 30 55
46 31 26
46 32 84
46 33 93
46 34 85
46 35 37
46 36 80
46 37 45
46 38 0
46 39 32
46 40 70
46 41 26
46 42 58
46 43 78
46 44 46
46 45 19
46 47 43
46 48 81
46 49 2
46 50 60
46 51 43
46 52 42
46 53 93
46 54 6
46 55 20
46 56 49
46 57 25
46 58 6
46 59 8
46 60 85
46 61 3
46 62 38
46 63 68
46 64 75
46 65 14
46 66 41
46 67 3
46 68 54
46 69 79
46 70 50
46 71 7
46 72 96
46 73 32
46 74 70
46 75 63
46 76 68
46 77 100
46 78 64
46 79 61
46 80 1
46 81 61
46 82 92
46 83 46
46 84 55
46 85 55
46 86 100
46 87 33
46 88 59
46 89 41
46 90 27
46 91 22
46 92 47
46 93 96
46 94 70
46 95 63
46 96 59
46 97 20
46 98 30
46 99 4
47 0 12
47 1 30
47 2 79
47 3 29
47 4 19
47 5 25
47 6 73
47 7 88
47 8 51
47 9 97
47 10 67
47 11 83
47 12 81
47 13 17
47 14 15
47 15 39
47 16 0
47 17 41
47 18 60
47 19 67
47 20 57
47 21 25
47 22 22
47 23 8
47 24 35
47 25 25
47 26 22
47 27 70
47 28 25
47 29 34
47 30 1
47 31 92
47 32 28
47 33 87
47 34 94
47 35 81
47 36 58
47 37 5
47 38 21
47 39 31
47 40 23
47 41 65
47 42 74
47 43 7
47 44 9
47 45 27
47 46 97
47 48 62
47 49 77
47 50 45
47 51 39
47 52 73
47 53 27
47 54 8
47 55 21
47 56 20
47 57 6
47 58 28
47 59 7
47 60 41
47 61 13
47 62 66
47 63 66
47 64 89
47 65 2
47 66 85
47 67 5
47 68 1
47 69 27
47 70 8
47 71 42
47 72 32
47 73 51
47 74 38
47 75 78
47 76 76
47 77 10
47 78 43
47 79 90
47 80 37
47 81 89
47 82 64
47 83 96
47 84 34
47 85 6
47 86 66
47 87 24
47 88 81
47 89 72
47 90 26
47 91 72
47 92 75
47 93 38
47 94 23
47 95 67
47 96 43
47 97 48
47 98 65
47 99 100
48 0 96
48 1 65
48 2 87
48 3 18
48 4 58
48 5 93
48 6 66
48 7 87
48 8 8
48 9 87
48 10 0
48 11 96
48 12 81
48 13 70
48 14 44
48 15 98
48 16 98
48 17 91
48 18 9
48 19 16
48 20 23
48 21 69
48 22 73
48 23 67
48 24 85
48 25 52
48 26 87
48 27 63
48 28 14
48 29 93
48 30 72
48 31 29
48 32 51
48 33 74
48 34 69
48 35 56
48 36 31
48 37 48
48 38 95
48 39 69
48 40 84
48 41 65
48 42 26
48 43 15
48 44 82
48 45 92
48 46 91
48 47 47
48 49 99
48 50 86
48 51 71
48 52 1
48 53 60
48 54 82
48 55 93
48 56 67
48 57 13
48 58 64
48 59 68
48 60 27
48 61 16
48 62 96
48 63 58
48 64 96
48 65 7
48 66 18
48 67 71
48 68 71
48 69 50
48 70 78
48 71 70
48 72 5
48 73 17
48 74 14
48 75 65
48 76 97
48 77 1
48 78 35
48 79 76
48 80 8
48 81 12
48 82 63
48 83 27
48 84 82
48 85 4
48 86 25
48 87 54
48 88 51
48 89 5
48 90 32
48 91 26
48 92 49
48 93 17
48 94 15
48 95 90
48 96 37
48 97 57
48 98 81
48 99 41
49 0 46
49 1 67
49 2 11
49 3 78
49 4 14
49 5 75
49 6 60
49 7 87
49 8 5
49 9 98
49 10 23
49 11 92
49 12 62
49 13 17
49 14 52
49 15 13
49 16 9
49 17 84
49 18 99
49 19 46
49 20 62
49 21 79
49 22 6
49 23 22
49 24 99
49 25 49
49 26 20
49 27 48
49 28 21
49 29 69
49 30 37
49 31 35
49 32 54
49 33 87
49 34 63
49 35 0
49 36 42
49 37 50
49 38 12
49 39 94
49 40 20
49 41 11
49 42 86
49 43 79
49 44 15
49 45 90
49 46 11
49 47 95
49 48 88
49 50 46
49 51 7
49 52 59
49 53 18
49 54 37
49 55 17
49 56 57
49 57 16
49 58 10
49 59 52
49 60 99
49 61 31
49 62 77
49 63 3
49 64 8
49 65 88
49 66 70
49 67 59
49 68 73
49 69 13
49 70 70
49 71 55
49 72 61
49 73 6
49 74 45
49 75 98
49 76 1
49 77 44
49 78 0
49 79 33
49 80 44
49 81 0
49 82 63
49 83 63
49 84 48
49 85 89
49 86 54
49 87 18
49 88 11
49 89 36
49 90 72
49 91 82
49 92 22
49 93 27
49 94 67
49 95 83
49 96 78
49 97 75
49 98 89
49 99 8
50 0 75
50 1 64
50 2 85
50 3 93
50 4 57
50 5 69
50 6 83
50 7 34
50 8 6
50 9 33
50 10 40
50 11 25
50 12 90
50 13 89
50 14 18
50 15 62
50 16 38
50 17 68
50 18 39
50 19 76
50 20 80
50 21 97
50 22 84
50 23 6
50 24 11
50 25 36
50 26 49
50 27 89
50 28 17
50 29 40
50 30 58
50 31 1
50 32 44
50 33 5
50 34 75
50 35 0
50 36 52
50 37 45
50 38 96
50 39 65
50 40 38
50 41 88
50 42 22
50 43 24
50 44 4
50 45 69
50 46 57
50 47 3
50 48 7
50 49 60
50 51 71
50 52 43
50 53 7
50 54 59
50 55 23
50 56 8
50 57 11
50 58 2
50 59 17
50 60 62
50 61 57
50 62 10
50 63 40
50 64 49
50 65 83
50 66 95
50 67 61
50 68 63
50 69 21
50 70 35
50 71 17
50 72 90
50 73 86
50 74 57
50 75 95
50 76 52
50 77 96
50 78 16
50 79 47
50 80 19
50 81 5
50 82 32
50 83 88
50 84 7
50 85 48
50 86 57
50 87 36
50 88 72
50 89 32
50 90 8
50 91 46
50 92 92
50 93 4
50 94 18
50 95 35
50 96 26
50 97 60
50 98 82
50 99 54
51 0 49
51 1 35
51 2 46
51 3 99
51 4 63
51 5 3
51 6 87
51 7 68
51 8 96
51 9 30
51 10 32
51 11 87
51 12 64
51 13 75
51 14 32
51 15 22
51 16 74
51 17 74
51 18 57
51 19 21
51 20 79
51 21 97
51 22 9
51 23 26
51 24 96
51 25 8
51 26 97
51 27 90
51 28 13
51 29 28
51 30 35
51 31 91
51 32 18
51 33 93
51 34 77
51 35 71
51 36 32
51 37 99
51 38 34
51 39 10
51 40 73
51 41 28
51 42 65
51 43 34
51 44 43
51 45 26
51 46 74
51 47 62
51 48 41
51 49 71
51 50 49
51 52 67
51 53 91
51 54 91
51 55 1
51 56 14
51 57 82
51 58 49
51 59 34
51 60 65
51 61 7
51 62 82
51 63 57
51 64 69
51 65 52
51 66 35
51 67 12
51 68 43
51 69 48
51 70 93
51 71 73
51 72 15
51 73 99
51 74 66
51 75 2
51 76 32
51 77 23
51 78 50
51 79 1
51 80 25
51 81 27
51 82 69
51 83 99
51 84 69
51 85 59
51 86 29
51 87 21
51 88 88
51 89 30
51 90 39
51 91 47
51 92 62
51 93 75
51 94 56
51 95 75
51 96 99
51 97 68
51 98 98
51 99 37
52 0 38
52 1 9
52 2 22
52 3 27
52 4 15
52 5 48
52 6 76
52 7 5
52 8 9
52 9 28
52 10 61
52 11 24
52 12 79
52 13 100
52 14 95
52 15 47
52 16 37
52 17 47
52 18 32
52 19 11
52 20 63
52 21 23
52 22 43
52 23 4
52 24 50
52 25 96
52 26 61
52 27 25
52 28 67
52 29 4
52 30 100
52 31 64
52 32 97
52 33 34
52 34 91
52 35 54
52 36 67
52 37 11
52 38 59
52 39 5
52 40 82
52 41 76
52 42 92
52 43 35
52 44 9
52 45 95
52 46 89
52 47 48
52 48 6
52 49 97
52 50 4
52 51 68
52 53 61
52 54 100
52 55 96
52 56 63
52 57 73
52 58 73
52 59 98
52 60 61
52 61 62
52 62 75
52 63 76
52 64 24
52 65 72
52 66 3
52 67 54
52 68 4
52 69 44
52 70 60
52 71 35
52 72 27
52 73 62
52 74 50
52 75 44
52 76 56
52 77 95
52 78 71
52 79 52
52 80 76
52 81 30
52 82 54
52 83 71
52 84 80
52 85 13
52 86 36
52 87 31
52 88 42
52 89 53
52 90 4
52 91 50
52 92 60
52 93 14
52 94 31
52 95 12
52 96 93
52 97 68
52 98 2
52 99 20
53 0 14
53 1 91
53 2 65
53 3 16
53 4 33
53 5 86
53 6 14
53 7 34
53 8 46
53 9 8
53 10 94
53 11 33
53 12 29
53 13 34
53 14 8
53 15 82
53 16 42
53 17 23
53 18 88
53 19 60
53 20 25
53 21 13
53 22 56
53 23 36
53 24 87
53 25 26
53 26 58
53 27 75
53 28 35
53 29 17
53 30 75
53 31 16
53 32 16
53 33 63
53 34 29
53 35 94
53 36 2
53 37 78
53 38 36
53 39 46
53 40 1
53 41 27
53 42 65
53 43 49
53 44 3
53 45 93
53 46 29
53 47 94
53 48 14
53 49 98
53 50 80
53 51 28
53 52 16
53 54 41
53 55 19
53 56 12
53 57 83
53 58 17
53 59 58
53 60 85
53 61 7
53 62 26
53 63 65
53 64 61
53 65 80
53 66 71
53 67 100
53 68 30
53 69 69
53 70 62
53 71 87
53 72 72
53 73 29
53 74 87
53 75 56
53 76 88
53 77 82
53 78 92
53 79 56
53 80 22
53 81 67
53 82 64
53 83 7
53 84 89
53 85 96
53 86 26
53 87 63
53 88 35
53 89 28
53 90 16
53 91 55
53 92 5
53 93 90
53 94 20
53 95 71
53 96 18
53 97 3
53 98 76
53 99 58
54 0 11
54 1 94
54 2 59
54 3 52
54 4 73
54 5 50
54 6 29
54 7 71
54 8 10
54 9 78
54 10 13
54 11 64
54 12 25
54 13 98
54 14 21
54 15 11
54 16 40
54 17 53
54 18 16
54 19 8
54 20 95
54 21 13
54 22 6
54 23 47
54 24 27
54 25 85
54 26 60
54 27 86
54 28 55
54 29 83
54 30 35
54 31 52
54 32 46
54 33 36
54 34 49
54 35 25
54 36 79
54 37 89
54 38 59
54 39 31
54 40 29
54 41 1
54 42 57
54 43 34
54 44 54
54 45 51
54 46 24
54 47 63
54 48 98
54 49 18
54 50 16
54 51 71
54 52 41
54 53 14
54 55 36
54 56 81
54 57 24
54 58 80
54 59 49
54 60 13
54 61 36
54 62 63
54 63 54
54 64 35
54 65 65
54 66 55
54 67 29
54 68 24
54 69 90
54 70 48
54 71 66
54 72 80
54 73 61
54 74 20
54 75 46
54 76 90
54 77 43
54 78 88
54 79 13
54 80 24
54 81 87
54 82 69
54 83 57
54 84 86
54 85 72
54 86 40
54 87 52
54 88 87
54 89 6
54 90 26
54 91 19
54 92 15
54 93 16
54 94 62
54 95 66
54 96 8
54 97 29
54 98 63
54 99 72
55 0 70
55 1 70
55 2 67
55 3 75
55 4 86
55 5 80
55 6 37
55 7 89
55 8 68
55 9 89
55 10 93
55 11 89
55 12 5
55 13 44
55 14 19
55 15 86
55 16 55
55 17 5
55 18 1
55 19 71
55 20 16
55 21 4
55 22 91
55 23 19
55 24 23
55 25 72
55 26 57
55 27 15
55 28 77
55 29 91
55 30 77
55 31 93
55 32 0
55 33 96
55 34 40
55 35 54
55 36 67
55 37 46
55 38 12
55 39 17
55 40 20
55 41 66
55 42 52
55 43 46
55 44 0
55 45 16
55 46 44
55 47 70
55 48 4
55 49 80
55 50 31
55 51 72
55 52 29
55 53 14
55 54 60
55 56 28
55 57 49
55 58 28
55 59 3
55 60 45
55 61 26
55 62 69
55 63 87
55 64 29
55 65 76
55 66 84
55 67 28
55 68 49
55 69 62
55 70 77
55 71 17
55 72 29
55 73 89
55 74 70
55 75 16
55 76 36
55 77 66
55 78 11
55 79 22
55 80 17
55 81 63
55 82 31
55 83 34
55 84 52
55 85 82
55 86 33
55 87 46
55 88 70
55 89 1
55 90 79
55 91 28
55 92 89
55 93 73
55 94 100
55 95 25
55 96 31
55 97 23
55 98 13
55 99 37
56 0 41
56 1 77
56 2 58
56 3 5
56 4 91
56 5 75
56 6 10
56 7 75
56 8 24
56 9 27
56 10 3
56 11 99
56 12 79
56 13 1
56 14 81
56 15 22
56 16 38
56 17 60
56 18 40
56 19 3
56 20 18
56 21 3
56 22 47
56 23 23
56 24 87
56 25 37
56 26 46
56 27 46
56 28 52
56 29 77
56 30 85
56 31 100
56 32 9
56 33 34
56 34 9
56 35 98
56 36 53
56 37 84
56 38 11
56 39 66
56 40 12
56 41 59
56 42 35
56 43 38
56 44 46
56 45 13
56 46 34
56 47 55
56 48 19
56 49 52
56 50 64
56 51 49
56 52 86
56 53 89
56 54 43
56 55 86
56 57 53
56 58 27
56 59 31
56 60 5
56 61 17
56 62 21
56 63 79
56 64 99
56 65 41
56 66 92
56 67 57
56 68 1
56 69 70
56 70 72
56 71 14
56 72 23
56 73 69
56 74 27
56 75 13
56 76 7
56 77 74
56 78 63
56 79 10
56 80 38
56 81 38
56 82 46
56 83 71
56 84 54
56 85 56
56 86 66
56 87 38
56 88 17
56 89 36
56 90 45
56 91 55
56 92 16
56 93 21
56 94 26
56 95 53
56 96 57
56 97 3
56 98 29
56 99 14
57 0 67
57 1 21
57 2 0
57 3 75
57 4 47
57 5 32
57 6 12
57 7 67
57 8 48
57 9 5
57 10 62
57 11 67
57 12 79
57 13 62
57 14 81
57 15 40
57 16 25
57 17 16
57 18 23
57 19 83
57 20 20
57 21 88
57 22 15
57 23 69
57 24 61
57 25 41
57 26 56
57 27 76
57 28 95
57 29 73
57 30 13
57 31 71
57 32 52
57 33 21
57 34 53
57 35 59
57 36 32
57 37 25
57 38 75
57 39 43
57 40 77
57 41 31
57 42 74
57 43 22
57 44 49
57 45 93
57 46 55
57 47 10
57 48 86
57 49 58
57 50 87
57 51 21
57 52 59
57 53 12
57 54 22
57 55 72
57 56 27
57 58 3
57 59 46
57 60 83
57 61 32
57 62 8
57 63 77
57 64 99
57 65 90
57 66 83
57 67 12
57 68 21
57 69 43
57 70 87
57 71 94
57 72 78
57 73 64
57 74 58
57 75 36
57 76 81
57 77 70
57 78 23
57 79 61
57 80 37
57 81 65
57 82 62
57 83 17
57 84 56
57 85 79
57 86 9
57 87 29
57 88 15
57 89 41
57 90 25
57 91 27
57 92 87
57 93 41
57 94 80
57 95 83
57 96 89
57 97 43
57 98 24
57 99 26
58 0 90
58 1 25
58 2 97
58 3 84
58 4 11
58 5 18
58 6 76
58 7 97
58 8 49
58 9 43
58 10 55
58 11 20
58 12 24
58 13 15
58 14 85
58 15 44
58 16 47
58 17 86
58 18 67
58 19 80
58 20 87
58 21 47
58 22 76
58 23 98
58 24 93
58 25 29
58 26 61
58 27 85
58 28 30
58 29 95
58 30 10
58 31 37
58 32 51
58 33 5
58 34 45
58 35 35
58 36 55
58 37 98
58 38 25
58 39 25
58 40 2
58 41 11
58 42 63
58 43 29
58 44 80
58 45 7
58 46 85
58 47 57
58 48 98
58 49 37
58 50 67
58 51 64
58 52 34
58 53 86
58 54 85
58 55 61
58 56 33
58 57 51
58 59 85
58 60 17
58 61 64
58 62 64
58 63 53
58 64 48
58 65 58
58 66 75
58 67 29
58 68 39
58 69 72
58 70 18
58 71 46
58 72 57
58 73 76
58 74 26
58 75 21
58 76 88
58 77 20
58 78 79
58 79 76
58 80 59
58 81 57
58 82 60
58 83 85
58 84 40
58 85 1
58 86 24
58 87 59
58 88 85
58 89 22
58 90 71
58 91 25
58 92 72
58 93 48
58 94 25
58 95 61
58 96 49
58 97 76
58 98 54
58 99 65
59 0 53
59 1 70
59 2 40
59 3 34
59 4 48
59 5 3
59 6 7
59 7 89
59 8 88
59 9 69
59 10 29
59 11 79
59 12 54
59 13 82
59 14 100
59 15 48
59 16 81
59 17 39
59 18 56
59 19 100
59 20 75
59 21 19
59 22 62
59 23 25
59 24 36
59 25 61
59 26 48
59 27 58
59 28 55
59 29 34
59 30 88
59 31 59
59 32 33
59 33 0
59 34 71
59 35 68
59 36 16
59 37 14
59 38 86
59 39 35
59 40 10
59 41 45
59 42 2
59 43 71
59 44 41
59 45 25
59 46 35
59 47 68
59 48 48
59 49 4
59 50 21
59 51 96
59 52 40
59 53 30
59 54 75
59 55 75
59 56 4
59 57 52
59 58 29
59 60 82
59 61 77
59 62 50
59 63 47
59 64 91
59 65 48
59 66 61
59 67 11
59 68 26
59 69 7
59 70 83
59 71 13
59 72 64
59 73 76
59 74 74
59 75 72
59 76 35
59 77 10
59 78 21
59 79 83
59 80 57
59 81 94
59 82 53
59 83 93
59 84 96
59 85 100
59 86 13
59 87 55
59 88 15
59 89 66
59 90 11
59 91 58
59 92 81
59 93 16
59 94 55
59 95 72
59 96 68
59 97 40
59 98 34
59 99 79
60 0 43
60 1 35
60 2 61
60 3 15
60 4 17
60 5 11
60 6 80
60 7 65
60 8 70
60 9 5
60 10 100
60 11 73
60 12 8
60 13 52
60 14 2
60 15 95
60 16 40
60 17 41
60 18 69
60 19 42
60 20 7
60 21 12
60 22 56
60 23 81
60 24 7
60 25 76
60 26 38
60 27 87
60 28 52
60 29 2
60 30 37
60 31 31
60 32 74
60 33 76
60 34 57
60 35 2
60 36 87
60 37 60
60 38 31
60 39 65
60 40 70
60 41 98
60 42 37
60 43 80
60 44 14
60 45 53
60 46 51
60 47 95
60 48 37
60 49 68
60 50 64
60 51 89
60 52 81
60 53 64
60 54 87
60 55 91
60 56 33
60 57 4
60 58 45
60 59 75
60 61 91
60 62 82
60 63 71
60 64 12
60 65 86
60 66 53
60 67 77
60 68 57
60 69 23
60 70 31
60 71 18
60 72 37
60 73 78
60 74 82
60 75 73
60 76 27
60 77 37
60 78 54
60 79 76
60 80 23
60 81 63
60 82 79
60 83 3
60 84 41
60 85 95
60 86 90
60 87 19
60 88 8
60 89 56
60 90 74
60 91 19
60 92 56
60 93 99
60 94 17
60 95 36
60 96 2
60 97 37
60 98 10
60 99 11
61 0 34
61 1 25
61 2 10
61 3 66
61 4 14
61 5 56
61 6 87
61 7 82
61 8 6
61 9 44
61 10 35
61 11 43
61 12 8
61 13 43
61 14 55
61 15 64
61 16 32
61 17 79
61 18 84
61 19 6
61 20 56
61 21 21
61 22 82
61 23 96
61 24 61
61 25 16
61 26 55
61 27 59
61 28 34
61 29 88
61 30 89
61 31 21
61 32 12
61 33 12
61 34 44
61 35 25
61 36 51
61 37 74
61 38 74
61 39 41
61 40 2
61 41 18
61 42 4
61 43 13
61 44 69
61 45 34
61 46 78
61 47 26
61 48 45
61 49 53
61 50 23
61 51 82
61 52 68
61 53 32
61 54 52
61 55 77
61 56 89
61 57 67
61 58 26
61 59 38
61 60 83
61 62 83
61 63 12
61 64 3
61 65 30
61 66 40
61 67 56
61 68 25
61 69 73
61 70 30
61 71 94
61 72 3
61 73 74
61 74 37
61 75 85
61 76 69
61 77 54
61 78 59
61 79 95
61 80 57
61 81 91
61 82 37
61 83 99
61 84 45
61 85 27
61 86 10
61 87 64
61 88 71
61 89 69
61 90 86
61 91 18
61 92 6
61 93 37
61 94 45
61 95 58
61 96 79
61 97 0
61 98 73
61 99 29
62 0 26
62 1 5
62 2 7
62 3 53
62 4 6
62 5 12
62 6 94
62 7 86
62 8 24
62 9 48
62 10 17
62 11 23
62 12 32
62 13 71
62 14 64
62 15 22
62 16 91
62 17 40
62 18 90
62 19 82
62 20 37
62 21 23
62 22 6
62 23 73
62 24 9
62 25 27
62 26 67
62 27 13
62 28 66
62 29 4
62 30 100
62 31 95
62 32 93
62 33 93
62 34 16
62 35 40
62 36 40
62 37 60
62 38 9
62 39 100
62 40 14
62 41 77
62 42 87
62 43 99
62 44 58
62 45 74
62 46 86
62 47 37
62 48 76
62 49 26
62 50 76
62 51 40
62 52 96
62 53 52
62 54 39
62 55 29
62 56 13
62 57 68
62 58 30
62 59 16
62 60 68
62 61 7
62 63 17
62 64 55
62 65 33
62 66 60
62 67 53
62 68 5
62 69 22
62 70 84
62 71 16
62 72 56
62 73 45
62 74 50
62 75 93
62 76 36
62 77 40
62 78 85
62 79 100
62 80 33
62 81 90
62 82 67
62 83 64
62 84 44
62 85 41
62 86 17
62 87 85
62 88 39
62 89 92
62 90 5
62 91 79
62 92 35
62 93 100
62 94 31
62 95 42
62 96 39
62 97 46
62 98 40
62 99 56
63 0 53
63 1 67
63 2 72
63 3 14
63 4 3
63 5 24
63 6 56
63 7 27
63 8 82
63 9 7
63 10 84
63 11 85
63 12 8
63 13 33
63 14 70
63 15 40
63 16 20
63 17 12
63 18 79
63 19 25
63 20 45
63 21 98
63 22 94
63 23 78
63 24 12
63 25 97
63 26 70
63 27 59
63 28 9
63 29 4
63 30 0
63 31 60
63 32 84
63 33 27
63 34 63
63 35 2
63 36 43
63 37 92
63 38 66
63 39 34
63 40 59
63 41 71
63 42 54
63 43 57
63 44 79
63 45 86
63 46 13
63 47 55
63 48 27
63 49 69
63 50 24
63 51 54
63 52 45
63 53 63
63 54 73
63 55 83
63 56 97
63 57 13
63 58 31
63 59 35
63 60 55
63 61 27
63 62 80
63 64 91
63 65 90
63 66 81
63 67 76
63 68 10
63 69 4
63 70 52
63 71 52
63 72 18
63 73 71
63 74 21
63 75 32
63 76 0
63 77 58
63 78 41
63 79 93
63 80 31
63 81 90
63 82 37
63 83 87
63 84 5
63 85 93
63 86 83
63 87 90
63 88 60
63 89 84
63 90 35
63 91 27
63 92 0
63 93 91
63 94 18
63 95 92
63 96 27
63 97 61
63 98 20
63 99 35
64 0 56
64 1 23
64 2 92
64 3 48
64 4 38
64 5 84
64 6 33
64 7 43
64 8 95
64 9 29
64 10 42
64 11 40
64 12 98
64 13 41
64 14 77
64 15 23
64 16 67
64 17 91
64 18 26
64 19 89
64 20 8
64 21 85
64 22 30
64 23 12
64 24 75
64 25 62
64 26 32
64 27 7
64 28 1
64 29 46
64 30 81
64 31 31
64 32 81
64 33 40
64 34 6
64 35 38
64 36 72
64 37 13
64 38 8
64 39 64
64 40 40
64 41 7
64 42 65
64 43 24
64 44 96
64 45 47
64 46 73
64 47 37
64 48 11
64 49 87
64 50 45
64 51 79
64 52 22
64 53 53
64 54 98
64 55 62
64 56 62
64 57 74
64 58 99
64 59 18
64 60 89
64 61 78
64 62 27
64 63 40
64 65 25
64 66 57
64 67 17
64 68 34
64 69 74
64 70 17
64 71 47
64 72 87
64 73 71
64 74 97
64 75 29
64 76 14
64 77 61
64 78 38
64 79 25
64 80 58
64 81 59
64 82 59
64 83 69
64 84 41
64 85 37
64 86 10
64 87 24
64 88 69
64 89 13
64 90 26
64 91 64
64 92 77
64 93 6
64 94 29
64 95 52
64 96 73
64 97 43
64 98 4
64 99 49
65 0 83
65 1 32
65 2 14
65 3 50
65 4 30
65 5 2
65 6 17
65 7 51
65 8 77
65 9 85
65 10 66
65 11 9
65 12 26
65 13 74
65 14 65
65 15 74
65 16 54
65 17 9
65 18 37
65 19 48
65 20 34
65 21 77
65 22 64
65 23 57
65 24 98
65 25 92
65 26 40
65 27 64
65 28 64
65 29 33
65 30 63
65 31 97
65 32 19
65 33 60
65 34 57
65 35 72
65 36 79
65 37 14
65 38 82
65 39 32
65 40 49
65 41 72
65 42 58
65 43 55
65 44 86
65 45 20
65 46 78
65 47 46
65 48 76
65 49 84
65 50 71
65 51 60
65 52 85
65 53 13
65 54 34
65 55 58
65 56 73
65 57 51
65 58 62
65 59 78
65 60 70
65 61 43
65 62 91
65 63 25
65 64 25
65 66 8
65 67 94
65 68 53
65 69 29
65 70 76
65 71 78
65 72 66
65 73 44
65 74 65
65 75 95
65 76 67
65 77 37
65 78 12
65 79 27
65 80 27
65 81 10
65 82 26
65 83 86
65 84 35
65 85 1
65 86 72
65 87 20
65 88 22
65 89 94
65 90 88
65 91 57
65 92 66
65 93 90
65 94 84
65 95 54
65 96 38
65 97 79
65 98 44
65 99 45
66 0 81
66 1 31
66 2 33
66 3 91
66 4 6
66 5 88
66 6 51
66 7 93
66 8 58
66 9 96
66 10 63
66 11 60
66 12 27
66 13 25
66 14 57
66 15 17
66 16 4
66 17 51
66 18 37
66 19 33
66 20 85
66 21 79
66 22 75
66 23 56
66 24 33
66 25 94
66 26 31
66 27 65
66 28 86
66 29 69
66 30 83
66 31 71
66 32 53
66 33 53
66 34 19
66 35 4
66 36 89
66 37 30
66 38 66
66 39 47
66 40 34
66 41 97
66 42 46
66 43 82
66 44 54
66 45 29
66 46 28
66 47 80
66 48 100
66 49 43
66 50 31
66 51 81
66 52 15
66 53 1
66 54 43
66 55 89
66 56 46
66 57 33
66 58 22
66 59 5
66 60 15
66 61 22
66 62 32
66 63 44
66 64 30
66 65 2
66 67 15
66 68 49
66 69 98
66 70 6
66 71 20
66 72 92
66 73 6
66 74 100
66 75 83
66 76 5
66 77 98
66 78 96
66 79 8
66 80 23
66 81 7
66 82 33
66 83 52
66 84 15
66 85 33
66 86 67
66 87 12
66 88 43
66 89 76
66 90 7
66 91 53
66 92 27
66 93 48
66 94 8
66 95 80
66 96 66
66 97 8
66 98 45
66 99 20
67 0 1
67 1 85
67 2 54
67 3 82
67 4 51
67 5 88
67 6 92
67 7 55
67 8 94
67 9 96
67 10 83
67 11 57
67 12 90
67 13 93
67 14 0
67 15 47
67 16 97
67 17 32
67 18 98
67 19 67
67 20 19
67 21 82
67 22 34
67 23 99
67 24 41
67 25 36
67 26 13
67 27 46
67 28 4
67 29 9
67 30 61
67 31 16
67 32 38
67 33 28
67 34 77
67 35 64
67 36 18
67 37 84
67 38 78
67 39 70
67 40 3
67 41 68
67 42 26
67 43 10
67 44 94
67 45 64
67 46 57
67 47 54
67 48 71
67 49 56
67 50 90
67 51 68
67 52 67
67 53 2
67 54 65
67 55 84
67 56 5
67 57 11
67 58 13
67 59 44
67 60 93
67 61 75
67 62 73
67 63 40
67 64 28
67 65 37
67 66 46
67 68 8
67 69 92
67 70 26
67 71 49
67 72 36
67 73 56
67 74 52
67 75 15
67 76 50
67 77 78
67 78 10
67 79 63
67 80 46
67 81 41
67 82 79
67 83 19
67 84 34
67 85 55
67 86 67
67 87 46
67 88 50
67 89 85
67 90 32
67 91 76
67 92 51
67 93 99
67 94 17
67 95 38
67 96 36
67 97 96
67 98 68
67 99 44
68 0 66
68 1 14
68 2 31
68 3 30
68 4 39
68 5 58
68 6 2
68 7 55
68 8 11
68 9 97
68 10 75
68 11 67
68 12 20
68 13 14
68 14 28
68 15 44
68 16 90
68 17 96
68 18 33
68 19 59
68 20 85
68 21 7
68 22 13
68 23 79
68 24 92
68 25 7
68 26 48
68 27 28
68 28 60
68 29 32
68 30 72
68 31 5
68 32 35
68 33 74
68 34 87
68 35 46
68 36 62
68 37 0
68 38 44
68 39 67
68 40 30
68 41 31
68 42 81
68 43 1
68 44 71
68 45 39
68 46 24
68 47 91
68 48 27
68 49 51
68 50 71
68 51 50
68 52 85
68 53 80
68 54 12
68 55 4
68 56 66
68 57 61
68 58 72
68 59 90
68 60 94
68 61 56
68 62 38
68 63 23
68 64 74
68 65 62
68 66 70
68 67 93
68 69 8
68 70 42
68 71 100
68 72 93
68 73 23
68 74 56
68 75 0
68 76 47
68 77 37
68 78 34
68 79 52
68 80 31
68 81 31
68 82 94
68 83 42
68 84 27
68 85 25
68 86 18
68 87 86
68 88 16
68 89 23
68 90 84
68 91 40
68 92 22
68 93 4
68 94 49
68 95 13
68 96 20
68 97 2
68 98 25
68 99 66
69 0 6
69 1 0
69 2 82
69 3 99
69 4 64
69 5 79
69 6 44
69 7 64
69 8 64
69 9 89
69 10 58
69 11 60
69 12 72
69 13 39
69 14 41
69 15 48
69 16 98
69 17 87
69 18 65
69 19 69
69 20 55
69 21 79
69 22 11
69 23 83
69 24 60
69 25 68
69 26 32
69 27 38
69 28 1
69 29 64
69 30 35
69 31 55
69 32 50
69 33 76
69 34 52
69 35 94
69 36 93
69 37 90
69 38 0
69 39 76
69 40 0
69 41 18
69 42 66
69 43 80
69 44 78
69 45 50
69 46 17
69 47 83
69 48 58
69 49 11
69 50 65
69 51 83
69 52 3
69 53 32
69 54 70
69 55 34
69 56 99
69 57 38
69 58 83
69 59 12
69 60 31
69 61 82
69 62 100
69 63 57
69 64 59
69 65 71
69 66 82
69 67 45
69 68 10
69 70 85
69 71 75
69 72 2
69 73 22
69 74 73
69 75 27
69 76 75
69 77 67
69 78 28
69 79 3
69 80 33
69 81 19
69 82 89
69 83 13
69 84 8
69 85 100
69 86 6
69 87 76
69 88 15
69 89 45
69 90 15
69 91 35
69 92 60
69 93 70
69 94 88
69 95 50
69 96 4
69 97 100
69 98 33
69 99 16
70 0 18
70 1 97
70 2 14
70 3 70
70 4 26
70 5 97
70 6 67
70 7 66
70 8 86
70 9 78
70 10 95
70 11 7
70 12 7
70 13 100
70 14 29
70 15 71
70 16 44
70 17 81
70 18 37
70 19 100
70 20 84
70 21 67
70 22 93
70 23 17
70 24 22
70 25 42
70 26 63
70 27 0
70 28 20
70 29 96
70 30 30
70 31 3
70 32 70
70 33 46
70 34 76
70 35 30
70 36 55
70 37 97
70 38 23
70 39 15
70 40 41
70 41 100
70 42 95
70 43 36
70 44 67
70 45 15
70 46 45
70 47 92
70 48 93
70 49 28
70 50 17
70 51 98
70 52 64
70 53 70
70 54 93
70 55 8
70 56 93
70 57 81
70 58 59
70 59 3
70 60 76
70 61 75
70 62 66
70 63 74
70 64 65
70 65 38
70 66 62
70 67 3
70 68 51
70 69 90
70 71 50
70 72 65
70 73 19
70 74 87
70 75 45
70 76 43
70 77 30
70 78 8
70 79 53
70 80 20
70 81 37
70 82 16
70 83 48
70 84 59
70 85 83
70 86 66
70 87 0
70 88 75
70 89 72
70 90 31
70 91 72
70 92 19
70 93 32
70 94 21
70 95 59
70 96 44
70 97 31
70 98 7
70 99 35
71 0 51
71 1 66
71 2 77
71 3 80
71 4 38
71 5 61
71 6 36
71 7 45
71 8 98
71 9 68
71 10 83
71 11 56
71 12 69
71 13 85
71 14 41
71 15 49
71 16 21
71 17 18
71 18 8
71 19 44
71 20 23
71 21 54
71 22 16
71 23 93
71 24 70
71 25 62
71 26 26
71 27 95
71 28 52
71 29 90
71 30 90
71 31 55
71 32 94
71 33 80
71 34 94
71 35 3
71 36 72
71 37 8
71 38 1
71 39 31
71 40 72
71 41 41
71 42 60
71 43 24
71 44 68
71 45 4
71 46 35
71 47 40
71 48 87
71 49 53
71 50 42
71 51 24
71 52 72
71 53 11
71 54 71
71 55 6
71 56 34
71 57 21
71 58 55
71 59 68
71 60 66
71 61 81
71 62 66
71 63 70
71 64 42
71 65 85
71 66 66
71 67 49
71 68 50
71 69 14
71 70 86
71 72 84
71 73 37
71 74 45
71 75 54
71 76 81
71 77 10
71 78 90
71 79 28
71 80 30
71 81 55
71 82 28
71 83 68
71 84 65
71 85 0
71 86 65
71 87 10
71 88 28
71 89 44
71 90 25
71 91 23
71 92 43
71 93 100
71 94 31
71 95 41
71 96 65
71 97 33
71 98 16
71 99 21
72 0 7
72 1 84
72 2 7
72 3 28
72 4 37
72 5 32
72 6 72
72 7 27
72 8 23
72 9 33
72 10 88
72 11 26
72 12 74
72 13 49
72 14 97
72 15 15
72 16 60
72 17 65
72 18 15
72 19 68
72 20 4
72 21 85
72 22 3
72 23 53
72 24 55
72 25 12
72 26 78
72 27 33
72 28 50
72 29 30
72 30 70
72 31 24
72 32 98
72 33 15
72 34 10
72 35 36
72 36 41
72 37 47
72 38 85
72 39 50
72 40 87
72 41 24
72 42 53
72 43 41
72 44 32
72 45 70
72 46 15
72 47 55
72 48 58
72 49 69
72 50 63
72 51 9
72 52 52
72 53 91
72 54 63
72 55 47
72 56 47
72 57 33
72 58 14
72 59 27
72 60 58
72 61 74
72 62 38
72 63 95
72 64 23
72 65 36
72 66 16
72 67 19
72 68 74
72 69 54
72 70 27
72 71 39
72 73 23
72 74 80
72 75 6
72 76 74
72 77 34
72 78 19
72 79 41
72 80 94
72 81 80
72 82 36
72 83 6
72 84 23
72 85 10
72 86 23
72 87 38
72 88 29
72 89 61
72 90 69
72 91 68
72 92 82
72 93 47
72 94 43
72 95 76
72 96 41
72 97 57
72 98 41
72 99 16
73 0 37
73 1 84
73 2 44
73 3 1
73 4 12
73 5 29
73 6 87
73 7 82
73 8 46
73 9 7
73 10 93
73 11 47
73 12 66
73 13 66
73 14 80
73 15 2
73 16 15
73 17 33
73 18 18
73 19 45
73 20 87
73 21 59
73 22 45
73 23 29
73 24 3
73 25 59
73 26 22
73 27 63
73 28 77
73 29 32
73 30 25
73 31 7
73 32 19
73 33 6
73 34 42
73 35 20
73 36 95
73 37 87
73 38 61
73 39 79
73 40 62
73 41 71
73 42 97
73 43 84
73 44 21
73 45 94
73 46 3
73 47 47
73 48 30
73 49 32
73 50 70
73 51 67
73 52 99
73 53 87
73 54 78
73 55 91
73 56 61
73 57 94
73 58 19
73 59 36
73 60 34
73 61 40
73 62 69
73 63 76
73 64 95
73 65 69
73 66 28
73 67 59
73 68 41
73 69 40
73 70 89
73 71 61
73 72 0
73 74 82
73 75 54
73 76 16
73 77 20
73 78 94
73 79 87
73 80 2
73 81 5
73 82 13
73 83 67
73 84 20
73 85 75
73 86 3
73 87 95
73 88 80
73 89 66
73 90 52
73 91 20
73 92 45
73 93 78
73 94 4
73 95 53
73 96 71
73 97 36
73 98 12
73 99 31
74 0 36
74 1 41
74 2 24
74 3 96
74 4 79
74 5 36
74 6 7
74 7 32
74 8 50
74 9 33
74 10 91
74 11 21
74 12 63
74 13 37
74 14 23
74 15 38
74 16 71
74 17 56
74 18 69
74 19 47
74 20 70
74 21 86
74 22 88
74 23 13
74 24 33
74 25 11
74 26 93
74 27 15
74 28 18
74 29 46
74 30 73
74 31 70
74 32 23
74 33 6
74 34 29
74 35 71
74 36 37
74 37 52
74 38 22
74 39 87
74 40 47
74 41 86
74 42 75
74 43 95
74 44 7
74 45 33
74 46 19
74 47 21
74 48 74
74 49 88
74 50 44
74 51 69
74 52 5
74 53 8
74 54 55
74 55 75
74 56 49
74 57 44
74 58 23
74 59 10
74 60 91
74 61 91
74 62 5
74 63 46
74 64 0
74 65 89
74 66 43
74 67 23
74 68 59
74 69 98
74 70 40
74 71 76
74 72 25
74 73 25
74 75 41
74 76 93
74 77 67
74 78 66
74 79 51
74 80 73
74 81 12
74 82 68
74 83 5
74 84 82
74 85 69
74 86 7
74 87 8
74 88 26
74 89 71
74 90 65
74 91 42
74 92 53
74 93 0
74 94 69
74 95 90
74 96 33
74 97 51
74 98 25
74 99 16
75 0 1
75 1 13
75 2 78
75 3 67
75 4 88
75 5 98
75 6 97
75 7 19
75 8 95
75 9 41
75 10 96
75 11 53
75 12 60
75 13 0
75 14 11
75 15 35
75 16 10
75 17 46
75 18 27
75 19 34
75 20 59
75 21 96
75 22 95
75 23 6
75 24 97
75 25 89
75 26 17
75 27 21
75 28 51
75 29 0
75 30 17
75 31 83
75 32 73
75 33 89
75 34 65
75 35 30
75 36 24
75 37 44
75 38 59
75 39 100
75 40 40
75 41 7
75 42 63
75 43 100
75 44 78
75 45 85
75 46 85
75 47 11
75 48 77
75 49 18
75 50 73
75 51 29
75 52 72
75 53 43
75 54 74
75 55 38
75 56 87
75 57 81
75 58 82
75 59 49
75 60 5
75 61 84
75 62 77
75 63 4
75 64 19
75 65 47
75 66 10
75 67 32
75 68 23
75 69 93
75 70 61
75 71 69
75 72 66
75 73 47
75 74 6
75 76 0
75 77 65
75 78 72
75 79 70
75 80 72
75 81 13
75 82 74
75 83 9
75 84 91
75 85 21
75 86 21
75 87 80
75 88 54
75 89 60
75 90 78
75 91 13
75 92 96
75 93 47
75 94 38
75 95 83
75 96 61
75 97 56
75 98 47
75 99 76
76 0 29
76 1 58
76 2 9
76 3 36
76 4 77
76 5 81
76 6 13
76 7 0
76 8 66
76 9 26
76 10 75
76 11 25
76 12 7
76 13 85
76 14 4
76 15 8
76 16 38
76 17 57
76 18 56
76 19 97
76 20 78
76 21 16
76 22 53
76 23 1
76 24 0
76 25 53
76 26 34
76 27 45
76 28 86
76 29 63
76 30 47
76 31 24
76 32 25
76 33 0
76 34 21
76 35 56
76 36 61
76 37 32
76 38 99
76 39 76
76 40 4
76 41 84
76 42 88
76 43 19
76 44 51
76 45 47
76 46 21
76 47 66
76 48 30
76 49 7
76 50 98
76 51 96
76 52 22
76 53 91
76 54 90
76 55 28
76 56 48
76 57 99
76 58 25
76 59 6
76 60 59
76 61 0
76 62 72
76 63 19
76 64 28
76 65 19
76 66 78
76 67 13
76 68 87
76 69 1
76 70 28
76 71 81
76 72 43
76 73 99
76 74 48
76 75 67
76 77 57
76 78 60
76 79 17
76 80 63
76 81 3
76 82 30
76 83 82
76 84 35
76 85 20
76 86 20
76 87 100
76 88 47
76 89 67
76 90 59
76 91 33
76 92 99
76 93 22
76 94 28
76 95 22
76 96 63
76 97 45
76 98 43
76 99 8
77 0 54
77 1 80
77 2 86
77 3 51
77 4 91
77 5 7
77 6 48
77 7 63
77 8 78
77 9 83
77 10 16
77 11 61
77 12 72
77 13 19
77 14 64
77 15 28
77 16 15
77 17 56
77 18 58
77 19 23
77 20 95
77 21 49
77 22 87
77 23 48
77 24 13
77 25 53
77 26 88
77 27 29
77 28 96
77 29 17
77 30 20
77 31 35
77 32 90
77 33 36
77 34 99
77 35 69
77 36 78
77 37 72
77 38 57
77 39 28
77 40 24
77 41 4
77 42 9
77 43 13
77 44 62
77 45 41
77 46 61
77 47 86
77 48 13
77 49 9
77 50 40
77 51 10
77 52 80
77 53 98
77 54 75
77 55 72
77 56 32
77 57 26
77 58 41
77 59 73
77 60 48
77 61 93
77 62 16
77 63 80
77 64 80
77 65 95
77 66 58
77 67 84
77 68 69
77 69 22
77 70 6
77 71 14
77 72 27
77 73 60
77 74 72
77 75 54
77 76 19
77 78 74
77 79 53
77 80 11
77 81 67
77 82 20
77 83 6
77 84 82
77 85 8
77 86 3
77 87 18
77 88 27
77 89 51
77 90 9
77 91 15
77 92 97
77 93 57
77 94 78
77 95 41
77 96 17
77 97 53
77 98 64
77 99 21
78 0 42
78 1 35
78 2 81
78 3 2
78 4 30
78 5 41
78 6 77
78 7 15
78 8 5
78 9 54
78 10 72
78 11 29
78 12 36
78 13 48
78 14 33
78 15 69
78 16 30
78 17 99
78 18 59
78 19 95
78 20 72
78 21 81
78 22 78
78 23 9
78 24 43
78 25 31
78 26 58
78 27 61
78 28 95
78 29 7
78 30 33
78 31 88
78 32 12
78 33 74
78 34 10
78 35 88
78 36 79
78 37 5
78 38 11
78 39 90
78 40 71
78 41 97
78 42 80
78 43 66
78 44 61
78 45 29
78 46 11
78 47 87
78 48 47
78 49 12
78 50 32
78 51 83
78 52 86
78 53 35
78 54 21
78 55 91
78 56 50
78 57 18
78 58 35
78 59 89
78 60 38
78 61 100
78 62 41
78 63 13
78 64 26
78 65 10
78 66 19
78 67 61
78 68 15
78 69 69
78 70 76
78 71 4
78 72 2
78 73 2
78 74 63
78 75 78
78 76 75
78 77 97
78 79 48
78 80 91
78 81 10
78 82 90
78 83 96
78 84 32
78 85 22
78 86 43
78 87 6
78 88 15
78 89 13
78 90 85
78 91 24
78 92 0
78 93 78
78 94 14
78 95 15
78 96 70
78 97 9
78 98 20
78 99 77
79 0 24
79 1 84
79 2 89
79 3 99
79 4 5
79 5 55
79 6 29
79 7 60
79 8 90
79 9 20
79 10 50
79 11 80
79 12 28
79 13 24
79 14 40
79 15 92
79 16 93
79 17 26
79 18 97
79 19 73
79 20 94
79 21 45
79 22 81
79 23 47
79 24 13
79 25 8
79 26 77
79 27 43
79 28 13
79 29 39
79 30 18
79 31 83
79 32 41
79 33 57
79 34 98
79 35 82
79 36 67
79 37 2
79 38 55
79 39 85
79 40 21
79 41 100
79 42 36
79 43 93
79 44 26
79 45 71
79 46 67
79 47 3
79 48 75
79 49 53
79 50 25
79 51 100
79 52 52
79 53 18
79 54 7
79 55 1
79 56 56
79 57 65
79 58 96
79 59 89
79 60 85
79 61 77
79 62 27
79 63 9
79 64 98
79 65 44
79 66 58
79 67 52
79 68 76
79 69 54
79 70 0
79 71 77
79 72 52
79 73 41
79 74 98
79 75 83
79 76 87
79 77 3
79 78 74
79 80 82
79 81 39
79 82 43
79 83 64
79 84 82
79 85 50
79 86 74
79 87 69
79 88 18
79 89 67
79 90 14
79 91 66
79 92 74
79 93 45
79 94 57
79 95 81
79 96 7
79 97 30
79 98 56
79 99 57
80 0 96
80 1 96
80 2 76
80 3 19
80 4 93
80 5 66
80 6 63
80 7 76
80 8 35
80 9 61
80 10 88
80 11 76
80 12 91
80 13 53
80 14 39
80 15 98
80 16 60
80 17 35
80 18 36
80 19 39
80 20 13
80 21 59
80 22 33
80 23 59
80 24 25
80 25 4
80 26 34
80 27 24
80 28 90
80 29 59
80 30 23
80 31 87
80 32 61
80 33 23
80 34 69
80 35 70
80 36 1
80 37 41
80 38 100
80 39 42
80 40 73
80 41 80
80 42 71
80 43 62
80 44 80
80 45 88
80 46 7
80 47 54
80 48 8
80 49 10
80 50 80
80 51 44
80 52 21
80 53 45
80 54 79
80 55 33
80 56 82
80 57 86
80 58 35
80 59 53
80 60 31
80 61 53
80 62 42
80 63 77
80 64 0
80 65 12
80 66 28
80 67 23
80 68 66
80 69 92
80 70 6
80 71 79
80 72 95
80 73 24
80 74 59
80 75 82
80 76 7
80 77 27
80 78 4
80 79 34
80 81 37
80 82 57
80 83 66
80 84 58
80 85 7
80 86 0
80 87 22
80 88 31
80 89 31
80 90 51
80 91 68
80 92 41
80 93 34
80 94 33
80 95 81
80 96 79
80 97 91
80 98 81
80 99 7
81 0 71
81 1 32
81 2 51
81 3 78
81 4 72
81 5 66
81 6 25
81 7 29
81 8 31
81 9 86
81 10 9
81 11 90
81 12 35
81 13 35
81 14 100
81 15 77
81 16 13
81 17 34
81 18 80
81 19 31
81 20 10
81 21 10
81 22 8
81 23 41
81 24 55
81 25 82
81 26 52
81 27 28
81 28 54
81 29 70
81 30 30
81 31 4
81 32 97
81 33 61
81 34 1
81 35 92
81 36 97
81 37 91
81 38 56
81 39 94
81 40 42
81 41 11
81 42 38
81 43 54
81 44 21
81 45 87
81 46 78
81 47 59
81 48 17
81 49 29
81 50 18
81 51 50
81 52 95
81 53 5
81 54 57
81 55 53
81 56 66
81 57 38
81 58 57
81 59 42
81 60 57
81 61 96
81 62 70
81 63 92
81 64 32
81 65 64
81 66 90
81 67 78
81 68 98
81 69 96
81 70 32
81 71 66
81 72 67
81 73 59
81 74 45
81 75 38
81 76 79
81 77 99
81 78 35
81 79 56
81 80 73
81 82 79
81 83 58
81 84 22
81 85 4
81 86 27
81 87 69
81 88 69
81 89 94
81 90 91
81 91 71
81 92 94
81 93 34
81 94 67
81 95 55
81 96 96
81 97 77
81 98 60
81 99 51
82 0 49
82 1 68
82 2 30
82 3 31
82 4 46
82 5 64
82 6 90
82 7 75
82 8 50
82 9 9
82 10 62
82 11 26
82 12 4
82 13 2
82 14 15
82 15 82
82 16 18
82 17 53
82 18 6
82 19 47
82 20 50
82 21 48
82 22 24
82 23 21
82 24 11
82 25 12
82 26 62
82 27 83
82 28 98
82 29 33
82 30 62
82 31 48
82 32 42
82 33 89
82 34 65
82 35 28
82 36 17
82 37 26
82 38 25
82 39 20
82 40 26
82 41 87
82 42 64
82 43 34
82 44 52
82 45 96
82 46 80
82 47 32
82 48 47
82 49 88
82 50 40
82 51 45
82 52 50
82 53 31
82 54 92
82 55 52
82 56 16
82 57 94
82 58 26
82 59 75
82 60 72
82 61 30
82 62 85
82 63 52
82 64 56
82 65 48
82 66 91
82 67 33
82 68 20
82 69 39
82 70 51
82 71 9
82 72 60
82 73 6
82 74 8
82 75 41
82 76 90
82 77 30
82 78 18
82 79 72
82 80 6
82 81 18
82 83 39
82 84 11
82 85 25
82 86 10
82 87 47
82 88 99
82 89 94
82 90 94
82 91 14
82 92 4
82 93 94
82 94 22
82 95 93
82 96 57
82 97 41
82 98 82
82 99 32
83 0 47
83 1 91
83 2 13
83 3 84
83 4 7
83 5 90
83 6 74
83 7 60
83 8 55
83 9 26
83 10 4
83 11 38
83 12 5
83 13 25
83 14 71
83 15 38
83 16 40
83 17 94
83 18 89
83 19 8
83 20 49
83 21 76
83 22 94
83 23 49
83 24 13
83 25 48
83 26 34
83 27 55
83 28 90
83 29 14
83 30 79
83 31 56
83 32 8
83 33 15
83 34 14
83 35 81
83 36 62
83 37 67
83 38 16
83 39 2
83 40 73
83 41 15
83 42 8
83 43 16
83 44 98
83 45 3
83 46 76
83 47 13
83 48 5
83 49 72
83 50 39
83 51 62
83 52 14
83 53 73
83 54 21
83 55 92
83 56 90
83 57 71
83 58 18
83 59 92
83 60 26
83 61 36
83 62 62
83 63 26
83 64 71
83 65 56
83 66 72
83 67 55
83 68 51
83 69 19
83 70 32
83 71 43
83 72 55
83 73 73
83 74 58
83 75 95
83 76 2
83 77 40
83 78 16
83 79 89
83 80 9
83 81 56
83 82 66
83 84 18
83 85 81
83 86 86
83 87 84
83 88 45
83 89 47
83 90 11
83 91 76
83 92 88
83 93 31
83 94 27
83 95 13
83 96 53
83 97 12
83 98 96
83 99 39
84 0 74
84 1 49
84 2 95
84 3 11
84 4 68
84 5 95
84 6 70
84 7 37
84 8 50
84 9 42
84 10 2
84 11 70
84 12 29
84 13 35
84 14 21
84 15 26
84 16 28
84 17 35
84 18 81
84 19 79
84 20 47
84 21 0
84 22 0
84 23 95
84 24 87
84 25 50
84 26 37
84 27 73
84 28 5
84 29 65
84 30 19
84 31 11
84 32 86
84 33 47
84 34 69
84 35 93
84 36 0
84 37 61
84 38 57
84 39 1
84 40 44
84 41 68
84 42 20
84 43 20
84 44 55
84 45 49
84 46 94
84 47 56
84 48 47
84 49 41
84 50 21
84 51 50
84 52 30
84 53 4
84 54 15
84 55 63
84 56 57
84 57 6
84 58 4
84 59 13
84 60 25
84 61 25
84 62 45
84 63 75
84 64 33
84 65 30
84 66 77
84 67 19
84 68 75
84 69 86
84 70 65
84 71 55
84 72 97
84 73 46
84 74 53
84 75 77
84 76 33
84 77 61
84 78 76
84 79 99
84 80 33
84 81 99
84 82 92
84 83 96
84 85 69
84 86 63
84 87 60
84 88 0
84 89 28
84 90 65
84 91 82
84 92 23
84 93 97
84 94 83
84 95 88
84 96 49
84 97 15
84 98 0
84 99 4
85 0 72
85 1 38
85 2 40
85 3 2
85 4 67
85 5 96
85 6 58
85 7 67
85 8 74
85 9 32
85 10 19
85 11 18
85 12 97
85 13 52
85 14 32
85 15 59
85 16 50
85 17 80
85 18 63
85 19 50
85 20 15
85 21 2
85 22 76
85 23 9
85 24 71
85 25 73
85 26 28
85 27 32
85 28 61
85 29 24
85 30 44
85 31 70
85 32 36
85 33 43
85 34 0
85 35 53
85 36 2
85 37 95
85 38 48
85 39 43
85 40 10
85 41 48
85 42 25
85 43 80
85 44 36
85 45 41
85 46 45
85 47 24
85 48 10
85 49 19
85 50 90
85 51 58
85 52 10
85 53 89
85 54 26
85 55 84
85 56 74
85 57 79
85 58 45
85 59 64
85 60 15
85 61 42
85 62 73
85 63 13
85 64 75
85 65 81
85 66 0
85 67 5
85 68 0
85 69 55
85 70 66
85 71 5
85 72 100
85 73 74
85 74 98
85 75 92
85 76 79
85 77 60
85 78 96
85 79 78
85 80 26
85 81 83
85 82 13
85 83 61
85 84 67
85 86 46
85 87 43
85 88 71
85 89 66
85 90 98
85 91 70
85 92 100
85 93 40
85 94 56
85 95 45
85 96 64
85 97 8
85 98 42
85 99 82
86 0 87
86 1 91
86 2 70
86 3 3
86 4 42
86 5 77
86 6 62
86 7 38
86 8 38
86 9 100
86 10 3
86 11 61
86 12 86
86 13 96
86 14 6
86 15 64
86 16 12
86 17 87
86 18 2
86 19 73
86 20 98
86 21 3
86 22 98
86 23 27
86 24 94
86 25 65
86 26 40
86 27 76
86 28 29
86 29 16
86 30 90
86 31 5
86 32 64
86 33 51
86 34 96
86 35 40
86 36 72
86 37 87
86 38 24
86 39 47
86 40 76
86 41 70
86 42 20
86 43 45
86 44 73
86 45 12
86 46 29
86 47 19
86 48 0
86 49 24
86 50 95
86 51 18
86 52 46
86 53 12
86 54 5
86 55 73
86 56 1
86 57 56
86 58 69
86 59 19
86 60 1
86 61 24
86 62 59
86 63 54
86 64 6
86 65 74
86 66 83
86 67 87
86 68 59
86 69 35
86 70 68
86 71 38
86 72 35
86 73 63
86 74 3
86 75 60
86 76 88
86 77 82
86 78 22
86 79 70
86 80 87
86 81 15
86 82 96
86 83 3
86 84 49
86 85 53
86 87 69
86 88 89
86 89 79
86 90 69
86 91 4
86 92 53
86 93 79
86 94 24
86 95 30
86 96 2
86 97 96
86 98 43
86 99 79
87 0 10
87 1 70
87 2 24
87 3 73
87 4 95
87 5 86
87 6 86
87 7 70
87 8 67
87 9 60
87 10 5
87 11 80
87 12 15
87 13 53
87 14 41
87 15 93
87 16 20
87 17 99
87 18 60
87 19 17
87 20 28
87 21 38
87 22 46
87 23 55
87 24 41
87 25 38
87 26 39
87 27 9
87 28 73
87 29 69
87 30 83
87 31 18
87 32 14
87 33 73
87 34 51
87 35 11
87 36 14
87 37 49
87 38 24
87 39 69
87 40 36
87 41 78
87 42 88
87 43 34
87 44 2
87 45 61
87 46 84
87 47 80
87 48 36
87 49 7
87 50 32
87 51 37
87 52 46
87 53 47
87 54 32
87 55 99
87 56 93
87 57 93
87 58 69
87 59 29
87 60 37
87 61 79
87 62 57
87 63 52
87 64 22
87 65 74
87 66 21
87 67 8
87 68 53
87 69 53
87 70 65
87 71 32
87 72 50
87 73 17
87 74 63
87 75 66
87 76 33
87 77 22
87 78 56
87 79 57
87 80 75
87 81 7
87 82 88
87 83 42
87 84 22
87 85 98
87 86 17
87 88 68
87 89 65
87 90 57
87 91 3
87 92 74
87 93 91
87 94 13
87 95 38
87 96 64
87 97 95
87 98 30
87 99 98
88 0 45
88 1 88
88 2 40
88 3 39
88 4 95
88 5 1
88 6 69
88 7 99
88 8 98
88 9 66
88 10 9
88 11 52
88 12 56
88 13 95
88 14 11
88 15 25
88 16 25
88 17 93
88 18 44
88 19 35
88 20 63
88 21 80
88 22 100
88 23 42
88 24 23
88 25 45
88 26 34
88 27 92
88 28 38
88 29 48
88 30 50
88 31 99
88 32 10
88 33 82
88 34 45
88 35 100
88 36 66
88 37 47
88 38 18
88 39 100
88 40 65
88 41 99
88 42 73
88 43 97
88 44 5
88 45 50
88 46 92
88 47 83
88 48 38
88 49 93
88 50 62
88 51 83
88 52 47
88 53 30
88 54 78
88 55 93
88 56 32
88 57 93
88 58 29
88 59 92
88 60 83
88 61 35
88 62 13
88 63 40
88 64 91
88 65 43
88 66 48
88 67 79
88 68 41
88 69 88
88 70 60
88 71 95
88 72 48
88 73 10
88 74 52
88 75 66
88 76 59
88 77 18
88 78 46
88 79 49
88 80 62
88 81 39
88 82 68
88 83 33
88 84 61
88 85 93
88 86 90
88 87 35
88 89 14
88 90 96
88 91 36
88 92 12
88 93 92
88 94 10
88 95 59
88 96 80
88 97 39
88 98 53
88 99 29
89 0 51
89 1 66
89 2 25
89 3 92
89 4 85
89 5 3
89 6 70
89 7 23
89 8 33
89 9 88
89 10 44
89 11 60
89 12 92
89 13 82
89 14 66
89 15 19
89 16 63
89 17 54
89 18 93
89 19 52
89 20 40
89 21 83
89 22 7
89 23 22
89 24 53
89 25 62
89 26 36
89 27 72
89 28 30
89 29 10
89 30 9
89 31 12
89 32 21
89 33 41
89 34 94
89 35 85
89 36 1
89 37 25
89 38 30
89 39 44
89 40 27
89 41 86
89 42 92
89 43 26
89 44 70
89 45 61
89 46 32
89 47 45
89 48 100
89 49 33
89 50 11
89 51 29
89 52 14
89 53 87
89 54 41
89 55 87
89 56 15
89 57 69
89 58 57
89 59 41
89 60 26
89 61 59
89 62 50
89 63 47
89 64 91
89 65 97
89 66 36
89 67 33
89 68 39
89 69 19
89 70 24
89 71 100
89 72 98
89 73 23
89 74 100
89 75 94
89 76 71
89 77 68
89 78 3
89 79 19
89 80 6
89 81 36
89 82 72
89 83 89
89 84 78
89 85 97
89 86 67
89 87 73
89 88 68
89 90 34
89 91 94
89 92 14
89 93 53
89 94 20
89 95 54
89 96 9
89 97 85
89 98 94
89 99 98
90 0 48
90 1 28
90 2 21
90 3 49
90 4 72
90 5 52
90 6 47
90 7 10
90 8 94
90 9 19
90 10 45
90 11 10
90 12 32
90 13 4
90 14 22
90 15 4
90 16 31
90 17 66
90 18 76
90 19 98
90 20 93
90 21 29
90 22 90
90 23 79
90 24 11
90 25 76
90 26 0
90 27 46
90 28 23
90 29 98
90 30 31
90 31 6
90 32 17
90 33 39
90 34 14
90 35 17
90 36 79
90 37 100
90 38 66
90 39 90
90 40 77
90 41 94
90 42 45
90 43 82
90 44 51
90 45 92
90 46 88
90 47 10
90 48 54
90 49 79
90 50 0
90 51 68
90 52 78
90 53 6
90 54 52
90 55 38
90 56 0
90 57 38
90 58 84
90 59 26
90 60 84
90 61 57
90 62 99
90 63 70
90 64 24
90 65 88
90 66 26
90 67 78
90 68 99
90 69 59
90 70 88
90 71 93
90 72 3
90 73 48
90 74 30
90 75 34
90 76 45
90 77 5
90 78 0
90 79 52
90 80 98
90 81 0
90 82 12
90 83 53
90 84 36
90 85 86
90 86 88
90 87 3
90 88 0
90 89 97
90 91 41
90 92 89
90 93 88
90 94 42
90 95 76
90 96 96
90 97 9
90 98 29
90 99 99
91 0 90
91 1 41
91 2 36
91 3 21
91 4 44
91 5 32
91 6 89
91 7 9
91 8 82
91 9 27
91 10 3
91 11 87
91 12 92
91 13 13
91 14 28
91 15 52
91 16 11
91 17 7
91 18 4
91 19 93
91 20 22
91 21 44
91 22 99
91 23 53
91 24 69
91 25 30
91 26 71
91 27 7
91 28 6
91 29 45
91 30 71
91 31 50
91 32 68
91 33 10
91 34 3
91 35 61
91 36 30
91 37 30
91 38 0
91 39 87
91 40 41
91 41 63
91 42 54
91 43 73
91 44 38
91 45 79
91 46 74
91 47 30
91 48 94
91 49 52
91 50 6
91 51 77
91 52 77
91 53 9
91 54 96
91 55 82
91 56 29
91 57 33
91 58 49
91 59 68
91 60 43
91 61 95
91 62 12
91 63 5
91 64 36
91 65 52
91 66 1
91 67 18
91 68 95
91 69 89
91 70 83
91 71 90
91 72 53
91 73 61
91 74 49
91 75 44
91 76 54
91 77 62
91 78 24
91 79 88
91 80 81
91 81 81
91 82 100
91 83 25
91 84 89
91 85 41
91 86 89
91 87 30
91 88 1
91 89 95
91 90 33
91 92 4
91 93 50
91 94 93
91 95 35
91 96 32
91 97 25
91 98 44
91 99 51
92 0 18
92 1 24
92 2 7
92 3 23
92 4 98
92 5 43
92 6 1
92 7 73
92 8 100
92 9 83
92 10 44
92 11 50
92 12 66
92 13 69
92 14 30
92 15 70
92 16 53
92 17 3
92 18 79
92 19 17
92 20 8
92 21 95
92 22 58
92 23 87
92 24 79
92 25 67
92 26 10
92 27 3
92 28 78
92 29 33
92 30 98
92 31 62
92 32 9
92 33 60
92 34 52
92 35 72
92 36 17
92 37 30
92 38 3
92 39 82
92 40 100
92 41 91
92 42 73
92 43 23
92 44 68
92 45 1
92 46 72
92 47 37
92 48 9
92 49 84
92 50 14
92 51 6
92 52 95
92 53 35
92 54 43
92 55 57
92 56 49
92 57 44
92 58 86
92 59 49
92 60 60
92 61 87
92 62 97
92 63 38
92 64 62
92 65 14
92 66 51
92 67 29
92 68 47
92 69 38
92 70 49
92 71 9
92 72 59
92 73 72
92 74 1
92 75 67
92 76 64
92 77 71
92 78 71
92 79 12
92 80 26
92 81 74
92 82 2
92 83 23
92 84 89
92 85 67
92 86 42
92 87 57
92 88 60
92 89 97
92 90 54
92 91 96
92 93 11
92 94 6
92 95 15
92 96 55
92 97 32
92 98 62
92 99 43
93 0 78
93 1 15
93 2 100
93 3 59
93 4 74
93 5 58
93 6 42
93 7 5
93 8 84
93 9 96
93 10 14
93 11 9
93 12 29
93 13 8
93 14 44
93 15 8
93 16 62
93 17 35
93 18 21
93 19 88
93 20 76
93 21 37
93 22 20
93 23 68
93 24 85
93 25 75
93 26 34
93 27 88
93 28 83
93 29 69
93 30 18
93 31 62
93 32 64
93 33 33
93 34 57
93 35 61
93 36 55
93 37 76
93 38 50
93 39 1
93 40 1
93 41 62
93 42 84
93 43 91
93 44 66
93 45 73
93 46 1
93 47 88
93 48 31
93 49 18
93 50 30
93 51 50
93 52 93
93 53 90
93 54 46
93 55 23
93 56 42
93 57 91
93 58 55
93 59 53
93 60 38
93 61 12
93 62 85
93 63 9
93 64 51
93 65 89
93 66 4
93 67 86
93 68 68
93 69 98
93 70 61
93 71 97
93 72 34
93 73 63
93 74 8
93 75 18
93 76 40
93 77 95
93 78 51
93 79 88
93 80 41
93 81 14
93 82 14
93 83 56
93 84 4
93 85 2
93 86 0
93 87 34
93 88 93
93 89 86
93 90 36
93 91 92
93 92 4
93 94 29
93 95 22
93 96 21
93 97 43
93 98 18
93 99 11
94 0 40
94 1 77
94 2 94
94 3 67
94 4 39
94 5 87
94 6 52
94 7 85
94 8 71
94 9 79
94 10 15
94 11 48
94 12 52
94 13 9
94 14 11
94 15 70
94 16 1
94 17 54
94 18 4
94 19 51
94 20 73
94 21 83
94 22 24
94 23 27
94 24 41
94 25 34
94 26 11
94 27 50
94 28 81
94 29 52
94 30 8
94 31 99
94 32 13
94 33 20
94 34 38
94 35 33
94 36 68
94 37 53
94 38 13
94 39 63
94 40 24
94 41 25
94 42 65
94 43 95
94 44 0
94 45 37
94 46 95
94 47 68
94 48 45
94 49 16
94 50 52
94 51 17
94 52 85
94 53 28
94 54 5
94 55 7
94 56 89
94 57 20
94 58 32
94 59 78
94 60 57
94 61 11
94 62 12
94 63 35
94 64 90
94 65 67
94 66 71
94 67 8
94 68 52
94 69 100
94 70 35
94 71 35
94 72 36
94 73 92
94 74 40
94 75 83
94 76 30
94 77 43
94 78 24
94 79 37
94 80 95
94 81 74
94 82 19
94 83 40
94 84 9
94 85 10
94 86 40
94 87 0
94 88 65
94 89 42
94 90 67
94 91 36
94 92 77
94 93 66
94 95 50
94 96 37
94 97 2
94 98 56
94 99 44
95 0 67
95 1 97
95 2 20
95 3 39
95 4 20
95 5 48
95 6 77
95 7 86
95 8 37
95 9 85
95 10 47
95 11 8
95 12 36
95 13 19
95 14 73
95 15 98
95 16 75
95 17 35
95 18 48
95 19 10
95 20 41
95 21 5
95 22 70
95 23 23
95 24 37
95 25 49
95 26 33
95 27 41
95 28 37
95 29 49
95 30 96
95 31 55
95 32 38
95 33 47
95 34 23
95 35 23
95 36 31
95 37 82
95 38 24
95 39 48
95 40 27
95 41 37
95 42 16
95 43 95
95 44 59
95 45 27
95 46 35
95 47 71
95 48 21
95 49 80
95 50 84
95 51 75
95 52 18
95 53 65
95 54 63
95 55 65
95 56 90
95 57 97
95 58 62
95 59 91
95 60 20
95 61 49
95 62 40
95 63 96
95 64 4
95 65 23
95 66 66
95 67 43
95 68 76
95 69 38
95 70 81
95 71 7
95 72 83
95 73 47
95 74 24
95 75 57
95 76 68
95 77 54
95 78 3
95 79 76
95 80 91
95 81 17
95 82 33
95 83 57
95 84 42
95 85 76
95 86 42
95 87 46
95 88 52
95 89 83
95 90 28
95 91 30
95 92 26
95 93 29
95 94 0
95 96 98
95 97 66
95 98 1
95 99 7
96 0 71
96 1 61
96 2 34
96 3 17
96 4 50
96 5 64
96 6 51
96 7 5
96 8 85
96 9 50
96 10 23
96 11 64
96 12 62
96 13 0
96 14 13
96 15 58
96 16 100
96 17 27
96 18 52
96 19 5
96 20 37
96 21 69
96 22 36
96 23 36
96 24 10
96 25 86
96 26 96
96 27 45
96 28 78
96 29 13
96 30 70
96 31 44
96 32 90
96 33 87
96 34 61
96 35 89
96 36 99
96 37 16
96 38 26
96 39 90
96 40 98
96 41 87
96 42 33
96 43 66
96 44 9
96 45 87
96 46 25
96 47 22
96 48 30
96 49 83
96 50 78
96 51 1
96 52 86
96 53 87
96 54 46
96 55 46
96 56 89
96 57 80
96 58 10
96 59 40
96 60 89
96 61 94
96 62 52
96 63 100
96 64 95
96 65 32
96 66 49
96 67 67
96 68 94
96 69 82
96 70 22
96 71 97
96 72 5
96 73 17
96 74 14
96 75 64
96 76 79
96 77 81
96 78 59
96 79 88
96 80 29
96 81 10
96 82 22
96 83 45
96 84 43
96 85 67
96 86 27
96 87 24
96 88 94
96 89 72
96 90 13
96 91 38
96 92 4
96 93 93
96 94 48
96 95 40
96 97 27
96 98 4
96 99 22
97 0 0
97 1 0
97 2 78
97 3 91
97 4 66
97 5 94
97 6 52
97 7 66
97 8 3
97 9 52
97 10 20
97 11 30
97 12 34
97 13 10
97 14 64
97 15 93
97 16 34
97 17 54
97 18 82
97 19 53
97 20 48
97 21 21
97 22 20
97 23 57
97 24 25
97 25 16
97 26 54
97 27 71
97 28 64
97 29 12
97 30 0
97 31 73
97 32 0
97 33 2
97 34 0
97 35 0
97 36 91
97 37 56
97 38 83
97 39 93
97 40 31
97 41 88
97 42 46
97 43 15
97 44 98
97 45 36
97 46 50
97 47 29
97 48 63
97 49 61
97 50 66
97 51 28
97 52 6
97 53 82
97 54 24
97 55 7
97 56 100
97 57 75
97 58 90
97 59 52
97 60 67
97 61 76
97 62 52
97 63 17
97 64 18
97 65 14
97 66 68
97 67 68
97 68 71
97 69 65
97 70 87
97 71 60
97 72 85
97 73 93
97 74 16
97 75 70
97 76 93
97 77 54
97 78 86
97 79 59
97 80 19
97 81 77
97 82 71
97 83 56
97 84 96
97 85 24
97 86 52
97 87 35
97 88 44
97 89 21
97 90 46
97 91 65
97 92 71
97 93 100
97 94 38
97 95 23
97 96 41
97 98 97
97 99 97
98 0 7
98 1 90
98 2 95
98 3 22
98 4 31
98 5 24
98 6 48
98 7 17
98 8 8
98 9 95
98 10 29
98 11 26
98 12 20
98 13 37
98 14 45
98 15 43
98 16 53
98 17 34
98 18 75
98 19 85
98 20 17
98 21 24
98 22 52
98 23 34
98 24 100
98 25 94
98 26 5
98 27 14
98 28 28
98 29 8
98 30 82
98 31 54
98 32 86
98 33 94
98 34 81
98 35 32
98 36 19
98 37 80
98 38 94
98 39 21
98 40 66
98 41 42
98 42 44
98 43 8
98 44 92
98 45 40
98 46 9
98 47 82
98 48 60
98 49 94
98 50 82
98 51 94
98 52 67
98 53 57
98 54 95
98 55 12
98 56 8
98 57 74
98 58 81
98 59 89
98 60 78
98 61 95
98 62 27
98 63 75
98 64 69
98 65 39
98 66 18
98 67 95
98 68 69
98 69 69
98 70 4
98 71 40
98 72 16
98 73 22
98 74 13
98 75 74
98 76 69
98 77 35
98 78 59
98 79 68
98 80 65
98 81 48
98 82 83
98 83 90
98 84 12
98 85 54
98 86 83
98 87 19
98 88 50
98 89 100
98 90 52
98 91 64
98 92 13
98 93 91
98 94 18
98 95 6
98 96 7
98 97 24
98 99 20
99 0 74
99 1 55
99 2 46
99 3 45
99 4 87
99 5 0
99 6 39
99 7 88
99 8 51
99 9 100
99 10 0
99 11 8
99 12 72
99 13 26
99 14 82
99 15 2
99 16 18
99 17 49
99 18 18
99 19 47
99 20 57
99 21 39
99 22 73
99 23 56
99 24 85
99 25 23
99 26 43
99 27 93
99 28 21
99 29 3
99 30 29
99 31 63
99 32 34
99 33 39
99 34 86
99 35 100
99 36 83
99 37 59
99 38 61
99 39 34
99 40 4
99 41 60
99 42 89
99 43 89
99 44 4
99 45 63
99 46 79
99 47 2
99 48 18
99 49 4
99 50 2
99 51 30
99 52 63
99 53 99
99 54 72
99 55 73
99 56 25
99 57 46
99 58 75
99 59 61
99 60 51
99 61 8
99 62 46
99 63 44
99 64 90
99 65 65
99 66 65
99 67 64
99 68 35
99 69 79
99 70 97
99 71 30
99 72 4
99 73 0
99 74 54
99 75 48
99 76 82
99 77 51
99 78 56
99 79 5
99 80 58
99 81 84
99 82 38
99 83 65
99 84 53
99 85 60
99 86 61
99 87 9
99 88 90
99 89 96
99 90 76
99 91 89
99 92 68
99 93 91
99 94 1
99 95 5
99 96 66
99 97 23
99 98 77
